MutationType	ID83A	ID83B	ID83C	ID83D	ID83E	ID83F	ID83G	ID83H	ID83I
1:Del:C:0	3.06E-07	3.01E-07	4.49E-07	2.29E-07	5.52E-07	5.34E-07	2.70E-07	4.38E-07	6.45E-07
1:Del:C:1	1.46E-02	2.03E-02	1.09E-02	8.28E-03	1.52E-02	1.17E-02	1.66E-02	5.90E-03	4.69E-03
1:Del:C:2	1.55E-02	5.82E-03	1.12E-02	8.13E-03	4.97E-03	1.16E-02	4.94E-03	3.32E-03	6.12E-03
1:Del:C:3	2.56E-03	6.05E-03	6.45E-03	3.74E-03	1.62E-02	6.91E-03	4.90E-03	4.11E-03	5.53E-03
1:Del:C:4	1.35E-03	6.21E-03	3.73E-03	3.67E-03	4.53E-03	5.15E-03	7.72E-03	4.69E-03	2.59E-03
1:Del:C:5	2.05E-03	4.04E-03	2.91E-03	3.88E-03	3.32E-03	3.46E-03	6.59E-03	7.43E-03	4.77E-03
1:Del:T:0	3.06E-07	3.01E-07	4.49E-07	2.29E-07	5.52E-07	5.34E-07	2.70E-07	4.38E-07	6.45E-07
1:Del:T:1	8.73E-03	4.29E-03	4.94E-03	7.32E-03	9.89E-03	1.50E-02	5.67E-03	5.95E-03	5.43E-03
1:Del:T:2	1.10E-03	2.20E-03	6.27E-03	2.70E-04	3.67E-03	2.79E-03	4.04E-04	5.51E-03	8.19E-03
1:Del:T:3	3.60E-07	1.48E-03	1.79E-03	9.43E-04	1.85E-03	5.43E-07	3.35E-03	1.49E-03	2.57E-03
1:Del:T:4	3.06E-07	3.01E-07	4.49E-07	2.29E-07	5.52E-07	5.34E-07	2.70E-07	4.38E-07	6.45E-07
1:Del:T:5	1.36E-03	1.48E-03	3.79E-03	1.15E-03	2.48E-03	1.89E-03	1.82E-03	4.14E-03	4.86E-03
1:Ins:C:0	1.19E-03	4.99E-04	2.09E-03	1.30E-03	2.59E-03	1.86E-03	1.14E-03	3.41E-03	2.82E-03
1:Ins:C:1	1.28E-03	5.47E-04	1.40E-03	3.40E-03	1.67E-03	2.33E-03	6.61E-04	1.84E-03	6.93E-04
1:Ins:C:2	2.98E-07	9.66E-04	2.40E-03	2.06E-03	2.17E-03	6.69E-04	1.82E-03	3.29E-03	3.58E-03
1:Ins:C:3	2.89E-07	3.60E-03	3.23E-03	7.59E-04	2.54E-03	9.14E-04	2.05E-03	4.76E-03	4.53E-03
1:Ins:C:4	1.04E-03	2.82E-03	2.87E-03	1.63E-03	4.60E-03	2.37E-03	2.06E-03	2.13E-03	1.53E-03
1:Ins:C:5	2.38E-03	1.40E-03	6.90E-04	2.47E-07	4.24E-04	5.33E-07	6.82E-04	4.95E-07	2.51E-04
1:Ins:T:0	8.02E-04	5.41E-03	3.97E-03	3.12E-03	4.37E-03	5.86E-03	8.87E-03	5.42E-03	2.79E-03
1:Ins:T:1	4.27E-03	4.05E-03	3.06E-03	3.60E-03	5.66E-03	1.63E-02	5.14E-03	6.89E-03	3.65E-03
1:Ins:T:2	5.56E-03	5.24E-03	7.39E-03	6.38E-04	8.43E-03	3.35E-03	5.17E-03	3.84E-03	9.89E-03
1:Ins:T:3	1.09E-03	3.53E-04	2.40E-03	6.28E-04	1.50E-03	1.42E-03	1.42E-03	6.93E-04	1.53E-03
1:Ins:T:4	1.44E-03	9.47E-04	2.31E-03	1.73E-07	1.54E-03	1.54E-03	2.82E-07	5.37E-04	1.29E-03
1:Ins:T:5	3.51E-03	3.69E-03	6.32E-03	1.74E-03	5.43E-03	1.69E-03	7.53E-03	4.52E-03	5.51E-03
2:Del:R:0	8.32E-04	2.14E-03	5.87E-07	6.88E-03	7.58E-04	2.08E-03	2.21E-03	1.30E-03	3.06E-03
2:Del:R:1	2.71E-07	2.91E-07	4.43E-07	2.89E-03	5.16E-07	2.63E-04	3.12E-04	4.37E-07	6.58E-04
2:Del:R:2	3.06E-07	3.01E-07	4.49E-07	2.29E-07	5.52E-07	5.34E-07	2.70E-07	4.38E-07	6.45E-07
2:Del:R:3	3.06E-07	3.01E-07	4.49E-07	2.29E-07	5.52E-07	5.34E-07	2.70E-07	4.38E-07	6.45E-07
2:Del:R:4	3.06E-07	3.01E-07	4.49E-07	2.29E-07	5.52E-07	5.34E-07	2.70E-07	4.38E-07	6.45E-07
2:Del:R:5	3.06E-07	3.01E-07	4.49E-07	2.29E-07	5.52E-07	5.34E-07	2.70E-07	4.38E-07	6.45E-07
3:Del:R:0	1.68E-04	3.31E-07	4.53E-07	4.16E-03	4.76E-07	6.02E-04	3.12E-04	4.46E-07	9.87E-04
3:Del:R:1	8.60E-04	1.23E-03	6.68E-03	2.38E-07	1.28E-03	2.25E-03	1.24E-03	1.93E-03	2.89E-03
3:Del:R:2	3.06E-07	3.01E-07	4.49E-07	2.29E-07	5.52E-07	5.34E-07	2.70E-07	4.38E-07	6.45E-07
3:Del:R:3	3.06E-07	3.01E-07	4.49E-07	2.29E-07	5.52E-07	5.34E-07	2.70E-07	4.38E-07	6.45E-07
3:Del:R:4	3.06E-07	3.01E-07	4.49E-07	2.29E-07	5.52E-07	5.34E-07	2.70E-07	4.38E-07	6.45E-07
3:Del:R:5	3.06E-07	3.01E-07	4.49E-07	2.29E-07	5.52E-07	5.34E-07	2.70E-07	4.38E-07	6.45E-07
4:Del:R:0	1.73E-03	1.15E-03	1.72E-03	4.80E-03	4.00E-03	4.21E-03	2.03E-03	1.80E-03	4.69E-03
4:Del:R:1	3.06E-07	3.01E-07	4.49E-07	2.29E-07	5.52E-07	5.34E-07	2.70E-07	4.38E-07	6.45E-07
4:Del:R:2	3.06E-07	3.01E-07	4.49E-07	2.29E-07	5.52E-07	5.34E-07	2.70E-07	4.38E-07	6.45E-07
4:Del:R:3	3.06E-07	3.01E-07	4.49E-07	2.29E-07	5.52E-07	5.34E-07	2.70E-07	4.38E-07	6.45E-07
4:Del:R:4	3.06E-07	3.01E-07	4.49E-07	2.29E-07	5.52E-07	5.34E-07	2.70E-07	4.38E-07	6.45E-07
4:Del:R:5	3.06E-07	3.01E-07	4.49E-07	2.29E-07	5.52E-07	5.34E-07	2.70E-07	4.38E-07	6.45E-07
5:Del:R:0	4.25E-03	5.86E-03	7.55E-03	3.55E-03	4.99E-03	7.55E-03	6.91E-03	2.11E-02	1.49E-02
5:Del:R:1	3.15E-07	3.14E-07	4.49E-07	2.78E-03	5.30E-07	1.78E-04	3.12E-04	4.57E-07	6.58E-04
5:Del:R:2	3.06E-07	3.01E-07	4.49E-07	2.29E-07	5.52E-07	5.34E-07	2.70E-07	4.38E-07	6.45E-07
5:Del:R:3	3.06E-07	3.01E-07	4.49E-07	2.29E-07	5.52E-07	5.34E-07	2.70E-07	4.38E-07	6.45E-07
5:Del:R:4	3.06E-07	3.01E-07	4.49E-07	2.29E-07	5.52E-07	5.34E-07	2.70E-07	4.38E-07	6.45E-07
5:Del:R:5	3.06E-07	3.01E-07	4.49E-07	2.29E-07	5.52E-07	5.34E-07	2.70E-07	4.38E-07	6.45E-07
2:Ins:R:0	1.36E-03	2.60E-03	2.16E-03	1.01E-03	2.60E-03	8.71E-04	1.42E-03	2.69E-03	4.49E-03
2:Ins:R:1	3.06E-07	3.01E-07	4.49E-07	2.29E-07	5.52E-07	5.34E-07	2.70E-07	4.38E-07	6.45E-07
2:Ins:R:2	3.06E-07	3.01E-07	4.49E-07	2.29E-07	5.52E-07	5.34E-07	2.70E-07	4.38E-07	6.45E-07
2:Ins:R:3	3.06E-07	3.01E-07	4.49E-07	2.29E-07	5.52E-07	5.34E-07	2.70E-07	4.38E-07	6.45E-07
2:Ins:R:4	3.06E-07	3.01E-07	4.49E-07	2.29E-07	5.52E-07	5.34E-07	2.70E-07	4.38E-07	6.45E-07
2:Ins:R:5	3.06E-07	3.01E-07	4.49E-07	2.29E-07	5.52E-07	5.34E-07	2.70E-07	4.38E-07	6.45E-07
3:Ins:R:0	1.75E-03	1.37E-03	1.69E-03	1.80E-03	4.13E-03	2.41E-03	6.66E-03	1.06E-04	2.18E-03
3:Ins:R:1	1.54E-03	3.15E-03	4.35E-03	8.32E-04	4.48E-03	1.63E-03	3.95E-03	4.25E-03	9.36E-03
3:Ins:R:2	3.06E-07	3.01E-07	4.49E-07	2.29E-07	5.52E-07	5.34E-07	2.70E-07	4.38E-07	6.45E-07
3:Ins:R:3	3.06E-07	3.01E-07	4.49E-07	2.29E-07	5.52E-07	5.34E-07	2.70E-07	4.38E-07	6.45E-07
3:Ins:R:4	3.06E-07	3.01E-07	4.49E-07	2.29E-07	5.52E-07	5.34E-07	2.70E-07	4.38E-07	6.45E-07
3:Ins:R:5	3.06E-07	3.01E-07	4.49E-07	2.29E-07	5.52E-07	5.34E-07	2.70E-07	4.38E-07	6.45E-07
4:Ins:R:0	6.51E-04	1.48E-03	3.39E-03	6.37E-04	1.13E-03	5.27E-07	3.13E-03	8.40E-04	3.20E-03
4:Ins:R:1	2.78E-07	3.15E-07	4.35E-07	3.16E-03	5.06E-07	4.59E-04	3.12E-04	4.65E-07	6.78E-07
4:Ins:R:2	3.06E-07	3.01E-07	4.49E-07	2.29E-07	5.52E-07	5.34E-07	2.70E-07	4.38E-07	6.45E-07
4:Ins:R:3	3.06E-07	3.01E-07	4.49E-07	2.29E-07	5.52E-07	5.34E-07	2.70E-07	4.38E-07	6.45E-07
4:Ins:R:4	3.06E-07	3.01E-07	4.49E-07	2.29E-07	5.52E-07	5.34E-07	2.70E-07	4.38E-07	6.45E-07
4:Ins:R:5	3.06E-07	3.01E-07	4.49E-07	2.29E-07	5.52E-07	5.34E-07	2.70E-07	4.38E-07	6.45E-07
5:Ins:R:0	6.74E-03	3.79E-03	6.15E-03	4.68E-03	6.40E-03	6.24E-03	2.97E-03	5.38E-03	1.70E-02
5:Ins:R:1	1.82E-06	8.49E-03	1.77E-03	3.68E-04	4.86E-03	6.93E-03	1.67E-03	6.61E-03	5.54E-03
5:Ins:R:2	3.06E-07	3.01E-07	4.49E-07	2.29E-07	5.52E-07	5.34E-07	2.70E-07	4.38E-07	6.45E-07
5:Ins:R:3	3.06E-07	3.01E-07	4.49E-07	2.29E-07	5.52E-07	5.34E-07	2.70E-07	4.38E-07	6.45E-07
5:Ins:R:4	3.06E-07	3.01E-07	4.49E-07	2.29E-07	5.52E-07	5.34E-07	2.70E-07	4.38E-07	6.45E-07
5:Ins:R:5	3.06E-07	3.01E-07	4.49E-07	2.29E-07	5.52E-07	5.34E-07	2.70E-07	4.38E-07	6.45E-07
2:Del:M:1	2.04E-03	3.59E-03	2.54E-03	5.54E-03	6.05E-03	6.20E-03	1.61E-02	4.63E-03	4.95E-03
3:Del:M:1	2.89E-07	1.13E-03	1.91E-03	1.47E-03	1.31E-03	9.19E-04	1.70E-03	3.12E-03	2.44E-03
3:Del:M:2	2.39E-04	1.31E-03	1.68E-03	8.32E-04	2.12E-03	4.07E-04	2.10E-03	1.84E-03	1.99E-03
4:Del:M:1	3.06E-07	3.01E-07	4.49E-07	2.29E-07	5.52E-07	5.34E-07	2.70E-07	4.38E-07	6.45E-07
4:Del:M:2	3.06E-07	3.01E-07	4.49E-07	2.29E-07	5.52E-07	5.34E-07	2.70E-07	4.38E-07	6.45E-07
4:Del:M:3	3.45E-07	2.51E-03	5.41E-04	2.21E-07	3.13E-03	1.48E-03	7.39E-04	1.98E-03	1.92E-03
5:Del:M:1	1.77E-03	4.60E-03	3.61E-03	1.59E-03	6.94E-03	4.69E-03	3.73E-03	6.05E-03	1.54E-02
5:Del:M:2	8.07E-04	1.38E-03	2.45E-03	2.62E-03	2.10E-03	6.94E-04	2.92E-03	1.53E-03	2.60E-03
5:Del:M:3	3.06E-03	1.47E-03	9.36E-04	4.16E-04	6.68E-03	2.90E-03	2.16E-03	5.16E-03	1.33E-02
5:Del:M:4	3.91E-04	4.58E-04	1.65E-03	3.14E-04	1.25E-03	5.49E-04	2.48E-07	2.22E-04	3.81E-04
5:Del:M:5	3.06E-07	3.01E-07	4.49E-07	2.29E-07	5.52E-07	5.34E-07	2.70E-07	4.38E-07	6.45E-07
