MutationType	DBS78A	DBS78B	DBS78C	DBS78D	DBS78E
AC>CA	8.730146601010347e-05	4.505027118284488e-05	4.898854642494399e-05	9.586868996848352e-05	9.729226308991201e-05
AC>CG	8.730146601010347e-05	4.505027118284488e-05	4.898854642494399e-05	9.586868996848352e-05	9.729226308991201e-05
AC>CT	8.730146601010347e-05	4.505027118284488e-05	4.898854642494399e-05	9.586868996848352e-05	9.729226308991201e-05
AC>GA	8.730146601010347e-05	4.505027118284488e-05	4.898854642494399e-05	9.586868996848352e-05	9.729226308991201e-05
AC>GG	8.730146601010347e-05	4.505027118284488e-05	4.898854642494399e-05	9.586868996848352e-05	9.729226308991201e-05
AC>GT	8.730146601010347e-05	4.505027118284488e-05	4.898854642494399e-05	9.586868996848352e-05	9.729226308991201e-05
AC>TA	8.730146601010347e-05	4.505027118284488e-05	4.898854642494399e-05	9.586868996848352e-05	9.729226308991201e-05
AC>TG	0.005976859447722598	0.0016676487274135188	0.013286357995854238	0.006662897695533947	0.7204428294573717
AC>TT	8.730146601010347e-05	4.505027118284488e-05	4.898854642494399e-05	9.586868996848352e-05	9.729226308991201e-05
AT>CA	8.730146601010347e-05	4.505027118284488e-05	4.898854642494399e-05	9.586868996848352e-05	9.729226308991201e-05
AT>CC	8.730146601010347e-05	4.505027118284488e-05	4.898854642494399e-05	9.586868996848352e-05	9.729226308991201e-05
AT>CG	8.730146601010347e-05	4.505027118284488e-05	4.898854642494399e-05	9.586868996848352e-05	9.729226308991201e-05
AT>GA	8.730146601010347e-05	4.505027118284488e-05	4.898854642494399e-05	9.586868996848352e-05	9.729226308991201e-05
AT>GC	8.730146601010347e-05	4.505027118284488e-05	4.898854642494399e-05	9.586868996848352e-05	9.729226308991201e-05
AT>TA	8.730146601010347e-05	4.505027118284488e-05	4.898854642494399e-05	9.586868996848352e-05	9.729226308991201e-05
CC>AA	0.0030334027374008714	0.853479400472861	0.0187944729171987	0.022748284537501152	0.017962138716071538
CC>AG	8.730146601010347e-05	4.505027118284488e-05	4.898854642494399e-05	9.586868996848352e-05	9.729226308991201e-05
CC>AT	8.730146601010347e-05	4.505027118284488e-05	4.898854642494399e-05	9.586868996848352e-05	9.729226308991201e-05
CC>GA	8.730146601010347e-05	4.505027118284488e-05	4.898854642494399e-05	9.586868996848352e-05	9.729226308991201e-05
CC>GG	8.730146601010347e-05	4.505027118284488e-05	4.898854642494399e-05	9.586868996848352e-05	9.729226308991201e-05
CC>GT	0.008722982938386713	0.08738836542165077	0.5211701668854767	0.005066775356371921	0.012056055484782035
CC>TA	8.730146601010347e-05	4.505027118284488e-05	4.898854642494399e-05	9.586868996848352e-05	9.729226308991201e-05
CC>TG	8.730146601010347e-05	4.505027118284488e-05	4.898854642494399e-05	9.586868996848352e-05	9.729226308991201e-05
CC>TT	8.730146601010347e-05	4.505027118284488e-05	4.898854642494399e-05	9.586868996848352e-05	9.729226308991201e-05
CG>AT	8.730146601010347e-05	4.505027118284488e-05	4.898854642494399e-05	9.586868996848352e-05	9.729226308991201e-05
CG>GC	8.730146601010347e-05	4.505027118284488e-05	4.898854642494399e-05	9.586868996848352e-05	9.729226308991201e-05
CG>GT	8.730146601010347e-05	4.505027118284488e-05	4.898854642494399e-05	9.586868996848352e-05	9.729226308991201e-05
CG>TA	8.730146601010347e-05	4.505027118284488e-05	4.898854642494399e-05	9.586868996848352e-05	9.729226308991201e-05
CG>TC	8.730146601010347e-05	4.505027118284488e-05	4.898854642494399e-05	9.586868996848352e-05	9.729226308991201e-05
CG>TT	8.730146601010347e-05	4.505027118284488e-05	4.898854642494399e-05	9.586868996848352e-05	9.729226308991201e-05
CT>AA	8.730146601010347e-05	4.505027118284488e-05	4.898854642494399e-05	9.586868996848352e-05	9.729226308991201e-05
CT>AC	8.730146601010347e-05	4.505027118284488e-05	4.898854642494399e-05	9.586868996848352e-05	9.729226308991201e-05
CT>AG	8.730146601010347e-05	4.505027118284488e-05	4.898854642494399e-05	9.586868996848352e-05	9.729226308991201e-05
CT>GA	8.730146601010347e-05	4.505027118284488e-05	4.898854642494399e-05	9.586868996848352e-05	9.729226308991201e-05
CT>GC	8.730146601010347e-05	4.505027118284488e-05	4.898854642494399e-05	9.586868996848352e-05	9.729226308991201e-05
CT>GG	0.0017046910555482758	0.008303227439868792	0.33769553792551626	0.0166306734511665	0.01167761078892053
CT>TA	0.006980050152472742	0.007308798913813563	0.02904033208278083	0.540963237710406	0.08690828232546106
CT>TC	0.011898212981999884	0.030276718239785626	0.06381234117586287	0.3590136387411136	0.13404782084726613
CT>TG	8.730146601010347e-05	4.505027118284488e-05	4.898854642494399e-05	9.586868996848352e-05	9.729226308991201e-05
GC>AA	0.9554853051900863	0.008377236820081983	0.01272253582097588	0.04210780503849526	0.00999745221874361
GC>AG	8.730146601010347e-05	4.505027118284488e-05	4.898854642494399e-05	9.586868996848352e-05	9.729226308991201e-05
GC>AT	8.730146601010347e-05	4.505027118284488e-05	4.898854642494399e-05	9.586868996848352e-05	9.729226308991201e-05
GC>CA	8.730146601010347e-05	4.505027118284488e-05	4.898854642494399e-05	9.586868996848352e-05	9.729226308991201e-05
GC>CG	8.730146601010347e-05	4.505027118284488e-05	4.898854642494399e-05	9.586868996848352e-05	9.729226308991201e-05
GC>TA	8.730146601010347e-05	4.505027118284488e-05	4.898854642494399e-05	9.586868996848352e-05	9.729226308991201e-05
TA>AT	8.730146601010347e-05	4.505027118284488e-05	4.898854642494399e-05	9.586868996848352e-05	9.729226308991201e-05
TA>CG	8.730146601010347e-05	4.505027118284488e-05	4.898854642494399e-05	9.586868996848352e-05	9.729226308991201e-05
TA>CT	8.730146601010347e-05	4.505027118284488e-05	4.898854642494399e-05	9.586868996848352e-05	9.729226308991201e-05
TA>GC	8.730146601010347e-05	4.505027118284488e-05	4.898854642494399e-05	9.586868996848352e-05	9.729226308991201e-05
TA>GG	8.730146601010347e-05	4.505027118284488e-05	4.898854642494399e-05	9.586868996848352e-05	9.729226308991201e-05
TA>GT	8.730146601010347e-05	4.505027118284488e-05	4.898854642494399e-05	9.586868996848352e-05	9.729226308991201e-05
TC>AA	8.730146601010347e-05	4.505027118284488e-05	4.898854642494399e-05	9.586868996848352e-05	9.729226308991201e-05
TC>AG	8.730146601010347e-05	4.505027118284488e-05	4.898854642494399e-05	9.586868996848352e-05	9.729226308991201e-05
TC>AT	8.730146601010347e-05	4.505027118284488e-05	4.898854642494399e-05	9.586868996848352e-05	9.729226308991201e-05
TC>CA	8.730146601010347e-05	4.505027118284488e-05	4.898854642494399e-05	9.586868996848352e-05	9.729226308991201e-05
TC>CG	8.730146601010347e-05	4.505027118284488e-05	4.898854642494399e-05	9.586868996848352e-05	9.729226308991201e-05
TC>CT	8.730146601010347e-05	4.505027118284488e-05	4.898854642494399e-05	9.586868996848352e-05	9.729226308991201e-05
TC>GA	8.730146601010347e-05	4.505027118284488e-05	4.898854642494399e-05	9.586868996848352e-05	9.729226308991201e-05
TC>GG	8.730146601010347e-05	4.505027118284488e-05	4.898854642494399e-05	9.586868996848352e-05	9.729226308991201e-05
TC>GT	8.730146601010347e-05	4.505027118284488e-05	4.898854642494399e-05	9.586868996848352e-05	9.729226308991201e-05
TG>AA	8.730146601010347e-05	4.505027118284488e-05	4.898854642494399e-05	9.586868996848352e-05	9.729226308991201e-05
TG>AC	8.730146601010347e-05	4.505027118284488e-05	4.898854642494399e-05	9.586868996848352e-05	9.729226308991201e-05
TG>AT	8.730146601010347e-05	4.505027118284488e-05	4.898854642494399e-05	9.586868996848352e-05	9.729226308991201e-05
TG>CA	8.730146601010347e-05	4.505027118284488e-05	4.898854642494399e-05	9.586868996848352e-05	9.729226308991201e-05
TG>CC	8.730146601010347e-05	4.505027118284488e-05	4.898854642494399e-05	9.586868996848352e-05	9.729226308991201e-05
TG>CT	8.730146601010347e-05	4.505027118284488e-05	4.898854642494399e-05	9.586868996848352e-05	9.729226308991201e-05
TG>GA	8.730146601010347e-05	4.505027118284488e-05	4.898854642494399e-05	9.586868996848352e-05	9.729226308991201e-05
TG>GC	8.730146601010347e-05	4.505027118284488e-05	4.898854642494399e-05	9.586868996848352e-05	9.729226308991201e-05
TG>GT	8.730146601010347e-05	4.505027118284488e-05	4.898854642494399e-05	9.586868996848352e-05	9.729226308991201e-05
TT>AA	8.730146601010347e-05	4.505027118284488e-05	4.898854642494399e-05	9.586868996848352e-05	9.729226308991201e-05
TT>AC	8.730146601010347e-05	4.505027118284488e-05	4.898854642494399e-05	9.586868996848352e-05	9.729226308991201e-05
TT>AG	8.730146601010347e-05	4.505027118284488e-05	4.898854642494399e-05	9.586868996848352e-05	9.729226308991201e-05
TT>CA	8.730146601010347e-05	4.505027118284488e-05	4.898854642494399e-05	9.586868996848352e-05	9.729226308991201e-05
TT>CC	8.730146601010347e-05	4.505027118284488e-05	4.898854642494399e-05	9.586868996848352e-05	9.729226308991201e-05
TT>CG	8.730146601010347e-05	4.505027118284488e-05	4.898854642494399e-05	9.586868996848352e-05	9.729226308991201e-05
TT>GA	8.730146601010347e-05	4.505027118284488e-05	4.898854642494399e-05	9.586868996848352e-05	9.729226308991201e-05
TT>GC	8.730146608286304e-05	4.505027132836403e-05	4.898854608810232e-05	9.586869011400267e-05	9.729226316267159e-05
TT>GG	8.730146608286304e-05	4.505027132836403e-05	4.898854608810232e-05	9.586869011400267e-05	9.729226316267159e-05
