MutationType	DBS78A	DBS78B	DBS78C	DBS78D	DBS78E	DBS78F	DBS78G
AC>CA	3.41E-06	1.93E-06	3.47E-06	2.99E-04	1.33E-04	2.28E-04	1.09E-06
AC>CG	3.41E-06	1.95E-06	3.47E-06	2.99E-04	1.33E-04	2.28E-04	1.09E-06
AC>CT	3.41E-06	1.94E-06	3.47E-06	2.99E-04	1.33E-04	2.28E-04	1.09E-06
AC>GA	3.41E-06	1.94E-06	3.47E-06	2.99E-04	1.33E-04	2.28E-04	1.09E-06
AC>GG	3.41E-06	1.97E-06	3.47E-06	2.99E-04	1.33E-04	2.28E-04	1.09E-06
AC>GT	3.41E-06	1.97E-06	3.47E-06	2.99E-04	1.33E-04	2.28E-04	1.09E-06
AC>TA	3.41E-06	1.94E-06	3.47E-06	2.99E-04	1.33E-04	2.28E-04	1.09E-06
AC>TG	3.99E-06	5.69E-03	2.55E-06	1.82E-04	3.41E-02	4.21E-06	1.35E-02
AC>TT	3.41E-06	1.94E-06	3.47E-06	2.99E-04	1.33E-04	2.28E-04	1.09E-06
AT>CA	3.41E-06	1.94E-06	3.47E-06	2.99E-04	1.33E-04	2.28E-04	1.09E-06
AT>CC	3.41E-06	1.93E-06	3.47E-06	2.99E-04	1.33E-04	2.28E-04	1.09E-06
AT>CG	3.41E-06	1.93E-06	3.47E-06	2.99E-04	1.33E-04	2.28E-04	1.09E-06
AT>GA	3.41E-06	1.93E-06	3.47E-06	2.99E-04	1.33E-04	2.28E-04	1.09E-06
AT>GC	3.41E-06	1.95E-06	3.47E-06	2.99E-04	1.33E-04	2.28E-04	1.09E-06
AT>TA	3.41E-06	1.95E-06	3.47E-06	2.99E-04	1.33E-04	2.28E-04	1.09E-06
CC>AA	3.99E-06	1.09E-02	8.10E-03	2.84E-02	2.04E-02	3.03E-02	4.96E-03
CC>AG	3.41E-06	1.95E-06	3.47E-06	2.99E-04	1.33E-04	2.28E-04	1.09E-06
CC>AT	3.41E-06	1.93E-06	3.47E-06	2.99E-04	1.33E-04	2.28E-04	1.09E-06
CC>GA	3.41E-06	1.97E-06	3.47E-06	2.99E-04	1.33E-04	2.28E-04	1.09E-06
CC>GG	3.41E-06	1.96E-06	3.47E-06	2.99E-04	1.33E-04	2.28E-04	1.09E-06
CC>GT	3.97E-06	3.47E-02	8.14E-03	2.17E-02	1.04E-02	1.70E-02	3.32E-03
CC>TA	3.41E-06	1.98E-06	3.47E-06	2.99E-04	1.33E-04	2.28E-04	1.09E-06
CC>TG	3.41E-06	2.00E-06	3.47E-06	2.99E-04	1.33E-04	2.28E-04	1.09E-06
CC>TT	3.41E-06	1.94E-06	3.47E-06	2.99E-04	1.33E-04	2.28E-04	1.09E-06
CG>AT	3.41E-06	1.97E-06	3.47E-06	2.99E-04	1.33E-04	2.28E-04	1.09E-06
CG>GC	3.41E-06	1.96E-06	3.47E-06	2.99E-04	1.33E-04	2.28E-04	1.09E-06
CG>GT	3.41E-06	1.96E-06	3.47E-06	2.99E-04	1.33E-04	2.28E-04	1.09E-06
CG>TA	3.41E-06	1.98E-06	3.47E-06	2.99E-04	1.33E-04	2.28E-04	1.09E-06
CG>TC	3.41E-06	1.93E-06	3.47E-06	2.99E-04	1.33E-04	2.28E-04	1.09E-06
CG>TT	3.41E-06	1.95E-06	3.47E-06	2.99E-04	1.33E-04	2.28E-04	1.09E-06
CT>AA	3.41E-06	1.94E-06	3.47E-06	2.99E-04	1.33E-04	2.28E-04	1.09E-06
CT>AC	3.41E-06	1.94E-06	3.47E-06	2.99E-04	1.33E-04	2.28E-04	1.09E-06
CT>AG	3.41E-06	1.97E-06	3.47E-06	2.99E-04	1.33E-04	2.28E-04	1.09E-06
CT>GA	3.41E-06	1.93E-06	3.47E-06	2.99E-04	1.33E-04	2.28E-04	1.09E-06
CT>GC	3.41E-06	1.93E-06	3.47E-06	2.99E-04	1.33E-04	2.28E-04	1.09E-06
CT>GG	4.92E-06	3.44E-02	4.02E-06	1.64E-02	1.15E-02	1.46E-02	8.84E-03
CT>TA	3.41E-06	4.67E-03	2.37E-06	1.68E-04	1.68E-02	4.43E-02	1.62E-02
CT>TC	4.06E-06	3.32E-03	2.60E-06	7.78E-05	4.31E-06	4.57E-06	2.36E-02
CT>TG	3.41E-06	1.96E-06	3.47E-06	2.99E-04	1.33E-04	2.28E-04	1.09E-06
GC>AA	2.42E-04	3.31E-03	5.59E-06	4.10E-02	1.54E-02	1.10E-02	9.99E-03
GC>AG	3.41E-06	1.96E-06	3.47E-06	2.99E-04	1.33E-04	2.28E-04	1.09E-06
GC>AT	3.41E-06	1.97E-06	3.47E-06	2.99E-04	1.33E-04	2.28E-04	1.09E-06
GC>CA	3.41E-06	1.93E-06	3.47E-06	2.99E-04	1.33E-04	2.28E-04	1.09E-06
GC>CG	3.41E-06	1.93E-06	3.47E-06	2.99E-04	1.33E-04	2.28E-04	1.09E-06
GC>TA	3.41E-06	1.93E-06	3.47E-06	2.99E-04	1.33E-04	2.28E-04	1.09E-06
TA>AT	3.41E-06	1.98E-06	3.47E-06	2.99E-04	1.33E-04	2.28E-04	1.09E-06
TA>CG	3.41E-06	1.94E-06	3.47E-06	2.99E-04	1.33E-04	2.28E-04	1.09E-06
TA>CT	3.41E-06	1.95E-06	3.47E-06	2.99E-04	1.33E-04	2.28E-04	1.09E-06
TA>GC	3.41E-06	1.93E-06	3.47E-06	2.99E-04	1.33E-04	2.28E-04	1.09E-06
TA>GG	3.41E-06	1.95E-06	3.47E-06	2.99E-04	1.33E-04	2.28E-04	1.09E-06
TA>GT	3.41E-06	1.94E-06	3.47E-06	2.99E-04	1.33E-04	2.28E-04	1.09E-06
TC>AA	3.41E-06	1.95E-06	3.47E-06	2.99E-04	1.33E-04	2.28E-04	1.09E-06
TC>AG	3.41E-06	1.94E-06	3.47E-06	2.99E-04	1.33E-04	2.28E-04	1.09E-06
TC>AT	3.41E-06	1.93E-06	3.47E-06	2.99E-04	1.33E-04	2.28E-04	1.09E-06
TC>CA	3.41E-06	1.93E-06	3.47E-06	2.99E-04	1.33E-04	2.28E-04	1.09E-06
TC>CG	3.41E-06	1.97E-06	3.47E-06	2.99E-04	1.33E-04	2.28E-04	1.09E-06
TC>CT	3.41E-06	1.93E-06	3.47E-06	2.99E-04	1.33E-04	2.28E-04	1.09E-06
TC>GA	3.41E-06	1.93E-06	3.47E-06	2.99E-04	1.33E-04	2.28E-04	1.09E-06
TC>GG	3.41E-06	1.95E-06	3.47E-06	2.99E-04	1.33E-04	2.28E-04	1.09E-06
TC>GT	3.41E-06	1.95E-06	3.47E-06	2.99E-04	1.33E-04	2.28E-04	1.09E-06
TG>AA	3.41E-06	1.96E-06	3.47E-06	2.99E-04	1.33E-04	2.28E-04	1.09E-06
TG>AC	3.41E-06	1.93E-06	3.47E-06	2.99E-04	1.33E-04	2.28E-04	1.09E-06
TG>AT	3.41E-06	1.96E-06	3.47E-06	2.99E-04	1.33E-04	2.28E-04	1.09E-06
TG>CA	3.41E-06	1.94E-06	3.47E-06	2.99E-04	1.33E-04	2.28E-04	1.09E-06
TG>CC	3.41E-06	2.00E-06	3.47E-06	2.99E-04	1.33E-04	2.28E-04	1.09E-06
TG>CT	3.41E-06	1.93E-06	3.47E-06	2.99E-04	1.33E-04	2.28E-04	1.09E-06
TG>GA	3.41E-06	1.96E-06	3.47E-06	2.99E-04	1.33E-04	2.28E-04	1.09E-06
TG>GC	3.41E-06	1.94E-06	3.47E-06	2.99E-04	1.33E-04	2.28E-04	1.09E-06
TG>GT	3.41E-06	1.95E-06	3.47E-06	2.99E-04	1.33E-04	2.28E-04	1.09E-06
TT>AA	3.41E-06	1.95E-06	3.47E-06	2.99E-04	1.33E-04	2.28E-04	1.09E-06
TT>AC	3.41E-06	1.93E-06	3.47E-06	2.99E-04	1.33E-04	2.28E-04	1.09E-06
TT>AG	3.41E-06	1.97E-06	3.47E-06	2.99E-04	1.33E-04	2.28E-04	1.09E-06
TT>CA	3.41E-06	1.96E-06	3.47E-06	2.99E-04	1.33E-04	2.28E-04	1.09E-06
TT>CC	3.41E-06	1.97E-06	3.47E-06	3.00E-04	1.33E-04	2.28E-04	1.09E-06
TT>CG	3.41E-06	1.94E-06	3.47E-06	2.99E-04	1.33E-04	2.28E-04	1.09E-06
TT>GA	3.41E-06	1.93E-06	3.47E-06	2.99E-04	1.33E-04	2.28E-04	1.09E-06
TT>GC	3.41E-06	1.96E-06	3.47E-06	2.99E-04	1.33E-04	2.28E-04	1.09E-06
TT>GG	3.41E-06	1.93E-06	3.47E-06	2.99E-04	1.33E-04	2.28E-04	1.09E-06
