NMF_Replicate	L1	L1 %	L2	L2 %	KL Divergence	Correlation	Convergence Iterations
1	4.644	111.796	2.012	71.029	1.077	0.625	20000.0
2	4.549	109.645	1.991	69.734	0.993	0.668	20000.0
3	4.158	102.615	1.859	67.322	0.937	0.684	30000.0
4	4.356	102.778	1.888	66.431	0.934	0.708	30000.0
5	3.923	92.915	1.783	61.96	0.815	0.743	30000.0
6	3.926	90.754	1.688	61.242	0.877	0.71	30000.0
7	3.985	101.308	1.745	66.134	0.927	0.697	30000.0
8	4.494	103.198	1.921	67.567	0.932	0.69	40000.0
9	4.351	103.688	1.947	69.553	0.9	0.677	30000.0
10	4.353	100.859	1.874	65.84	0.919	0.702	40000.0
11	4.172	94.429	1.869	62.919	0.842	0.717	20000.0
12	4.277	94.919	1.917	63.487	0.809	0.721	20000.0
13	4.243	96.447	1.873	64.655	0.864	0.726	30000.0
14	3.682	87.125	1.649	59.55	0.741	0.756	30000.0
15	4.48	105.767	1.971	71.056	0.901	0.671	20000.0
16	3.978	94.135	1.683	62.785	0.824	0.744	20000.0
17	4.105	95.577	1.763	64.009	0.857	0.721	30000.0
18	4.598	108.015	2.042	70.425	0.971	0.67	30000.0
19	3.932	94.743	1.685	61.537	0.834	0.736	30000.0
20	4.391	101.468	1.869	66.839	0.878	0.698	30000.0
21	4.485	104.915	1.948	70.137	0.939	0.671	20000.0
22	4.283	101.96	1.837	66.115	0.912	0.692	20000.0
23	4.18	99.308	1.781	66.953	0.889	0.701	30000.0
24	4.067	97.399	1.766	64.899	0.865	0.723	50000.0
25	4.337	104.4	1.853	69.782	0.913	0.679	40000.0
26	4.081	97.212	1.885	65.301	0.866	0.69	40000.0
27	3.93	93.909	1.769	63.348	0.879	0.706	20000.0
28	4.634	108.61	2.022	71.426	1.016	0.658	30000.0
29	4.354	102.523	1.843	67.567	0.948	0.671	30000.0
30	4.206	97.016	1.795	64.84	0.876	0.723	20000.0
31	4.166	103.84	1.923	68.253	0.903	0.681	40000.0
32	3.945	99.708	1.668	65.387	0.973	0.692	40000.0
33	4.351	103.719	1.901	66.891	0.903	0.69	20000.0
34	3.881	90.664	1.729	62.18	0.778	0.74	40000.0
35	3.852	92.808	1.639	61.012	0.85	0.738	30000.0
36	4.008	93.711	1.714	62.101	0.826	0.745	20000.0
37	3.929	93.921	1.793	63.001	0.76	0.747	40000.0
38	4.273	103.004	1.935	68.407	0.861	0.696	20000.0
39	4.134	100.689	1.829	66.637	0.913	0.697	40000.0
40	3.94	93.22	1.791	63.02	0.803	0.733	20000.0
41	4.019	97.828	1.696	65.192	0.874	0.711	30000.0
42	3.861	97.149	1.703	62.834	0.906	0.705	50000.0
43	3.905	91.459	1.744	61.376	0.874	0.73	30000.0
44	3.607	86.141	1.653	57.884	0.763	0.75	30000.0
45	3.926	95.957	1.774	64.942	0.898	0.714	20000.0
46	4.034	95.654	1.766	63.129	0.835	0.72	40000.0
47	4.388	107.058	1.952	70.297	1.002	0.671	40000.0
48	4.2	92.866	1.801	61.458	0.801	0.741	20000.0
49	3.86	91.445	1.8	61.05	0.798	0.736	20000.0
50	4.19	99.17	1.867	66.497	0.931	0.7	20000.0
51	4.057	92.693	1.794	60.712	0.804	0.753	20000.0
52	4.325	106.237	2.011	69.663	1.015	0.665	20000.0
53	3.712	88.667	1.578	60.164	0.786	0.76	20000.0
54	4.191	99.664	1.907	66.576	0.851	0.705	20000.0
55	3.771	85.124	1.65	58.456	0.717	0.755	20000.0
56	4.328	101.008	1.87	67.256	0.901	0.702	40000.0
57	4.339	102.339	1.91	66.302	0.906	0.71	20000.0
58	4.513	105.285	1.955	69.216	0.91	0.679	40000.0
59	4.349	108.882	1.895	70.401	1.016	0.651	20000.0
60	3.642	90.151	1.597	60.344	0.828	0.745	20000.0
61	4.316	102.972	1.927	67.839	0.89	0.701	40000.0
62	4.219	100.427	1.836	66.059	0.894	0.695	20000.0
63	4.829	115.193	2.042	73.605	1.068	0.626	20000.0
64	4.277	102.494	1.91	67.256	0.88	0.69	20000.0
65	4.675	111.514	2.048	71.783	1.01	0.65	40000.0
66	3.629	86.724	1.55	57.855	0.802	0.755	20000.0
67	4.014	92.219	1.795	62.091	0.789	0.746	20000.0
68	3.825	91.584	1.69	62.87	0.879	0.737	20000.0
69	3.817	92.084	1.72	63.231	0.79	0.744	40000.0
70	4.291	104.191	1.847	66.64	0.952	0.664	30000.0
71	4.177	97.194	1.776	64.556	0.807	0.726	20000.0
72	4.34	103.539	1.923	66.756	0.944	0.678	40000.0
73	3.97	95.85	1.779	64.63	0.869	0.707	20000.0
74	4.333	104.126	1.962	69.504	0.936	0.665	30000.0
75	4.511	95.459	1.944	62.26	0.915	0.679	30000.0
76	4.278	105.186	1.851	66.819	0.982	0.671	40000.0
77	4.047	100.59	1.718	65.225	0.935	0.709	20000.0
78	4.413	99.975	1.935	67.772	0.813	0.721	50000.0
79	4.251	102.687	1.85	66.505	0.902	0.699	40000.0
80	4.086	102.877	1.785	67.34	0.931	0.679	30000.0
81	3.433	81.45	1.535	56.38	0.734	0.788	20000.0
82	4.4	102.999	1.935	68.173	0.919	0.688	30000.0
83	4.682	107.578	2.031	68.326	1.0	0.679	20000.0
84	4.481	108.64	1.894	69.422	0.998	0.674	30000.0
85	4.14	93.679	1.818	63.7	0.797	0.717	30000.0
86	4.036	92.201	1.738	61.939	0.817	0.749	20000.0
87	3.907	92.545	1.736	62.581	0.799	0.725	20000.0
88	4.03	100.488	1.779	66.276	0.925	0.688	30000.0
89	4.455	100.133	1.888	65.234	0.86	0.724	20000.0
90	3.644	86.112	1.68	60.207	0.734	0.746	20000.0
91	4.151	96.906	1.793	63.017	0.812	0.742	30000.0
92	5.008	119.592	2.135	76.281	1.115	0.595	30000.0
93	4.31	98.228	1.843	63.958	0.88	0.714	20000.0
94	4.093	98.262	1.763	64.986	0.92	0.688	40000.0
95	4.29	103.885	1.902	65.566	0.956	0.69	20000.0
96	3.909	92.06	1.764	60.154	0.858	0.735	30000.0
97	4.176	100.828	1.801	64.961	0.899	0.703	20000.0
98	4.398	105.223	1.995	69.904	0.882	0.677	50000.0
99	3.841	99.861	1.621	64.239	0.96	0.692	20000.0
100	3.952	94.692	1.677	62.793	0.846	0.732	30000.0
