MutationType	TCGA_05_4402_01A	TCGA_05_5715_01A	TCGA_38_4628_01A	TCGA_38_6178_01A	TCGA_44_2661_01A	TCGA_44_2665_01A	TCGA_44_3919_01A	TCGA_49_4501_01A	TCGA_49_4512_01A	TCGA_49_AAQV_01A	TCGA_50_6591_01A	TCGA_55_6986_01A	TCGA_55_7816_01A	TCGA_55_8087_01A	TCGA_55_8619_01A	TCGA_62_8394_01A	TCGA_62_8397_01A	TCGA_62_8402_01A	TCGA_62_A46U_01A	TCGA_62_A46Y_01A	TCGA_67_6215_01A	TCGA_67_6216_01A	TCGA_71_8520_01A	TCGA_78_7540_01A	TCGA_86_7953_01A	TCGA_86_8075_01A	TCGA_86_8278_01A	TCGA_86_8280_01A	TCGA_86_8668_01A	TCGA_86_8671_01A	TCGA_86_A4P7_01A	TCGA_91_8496_01A	TCGA_97_8177_01A	TCGA_97_8552_01A	TCGA_97_A4M6_01A	TCGA_99_8033_01A	TCGA_J2_8192_01A
A[C>A]A	1	1	1	1	0	1	0	0	1	0	1	0	0	0	0	0	1	1	1	1	0	0	0	0	0	1	1	0	2	0	0	0	0	1	1	3	2
A[C>A]C	1	1	0	2	1	0	0	2	2	1	0	0	0	0	0	0	2	0	2	1	0	0	2	2	0	0	0	0	1	0	1	1	1	0	0	2	1
A[C>A]G	0	0	0	0	0	0	1	0	1	0	0	0	0	1	0	1	0	2	0	0	0	0	1	0	1	0	0	0	0	0	1	0	0	0	0	0	0
A[C>A]T	0	0	2	0	0	0	0	0	1	1	0	0	0	0	0	2	0	0	0	0	0	0	0	0	0	0	0	0	0	0	0	0	0	0	0	3	0
A[C>G]A	1	0	0	0	0	1	0	0	0	0	0	0	0	0	0	2	1	0	1	0	0	0	0	0	1	0	0	1	0	0	0	0	1	1	0	1	0
A[C>G]C	2	0	0	0	0	0	0	0	0	0	1	0	0	0	0	1	0	0	1	0	0	0	1	0	0	0	0	0	0	0	0	1	0	0	0	1	3
A[C>G]G	1	0	0	0	0	0	0	0	0	0	0	0	0	0	0	0	0	0	1	0	0	0	1	0	0	0	0	0	0	0	0	0	0	0	0	1	0
A[C>G]T	0	0	2	0	0	0	0	0	0	1	0	0	0	0	0	0	0	0	0	1	1	0	0	0	0	1	0	1	1	0	0	0	0	0	0	0	0
A[C>T]A	5	2	2	0	2	0	0	0	2	0	0	0	0	2	0	1	0	1	1	0	1	0	0	0	0	2	1	0	0	0	2	0	1	0	0	4	1
A[C>T]C	1	0	3	0	1	0	2	1	0	3	0	1	0	0	0	3	2	1	1	0	1	1	1	1	2	2	0	2	0	0	2	1	1	4	0	0	2
A[C>T]G	1	4	7	4	0	0	1	3	2	1	2	1	0	2	6	8	2	7	2	5	2	1	3	4	2	7	2	1	5	3	3	3	1	0	2	4	3
A[C>T]T	1	1	2	0	0	2	0	0	0	1	1	1	0	0	0	5	0	1	0	0	1	0	0	1	0	2	3	0	0	0	0	0	2	1	0	3	0
A[T>A]A	0	0	1	0	0	0	0	1	0	0	0	0	0	0	0	0	0	0	0	0	0	0	1	0	0	0	0	1	0	1	0	1	0	2	1	0	0
A[T>A]C	0	0	1	1	0	0	0	3	1	1	0	0	0	0	0	0	1	1	0	0	0	1	0	0	1	0	0	0	1	0	0	0	0	0	0	0	0
A[T>A]G	0	0	0	0	0	0	0	1	0	0	1	0	0	0	0	2	1	0	0	0	0	0	0	0	0	0	1	0	0	1	0	0	0	0	0	0	0
A[T>A]T	0	0	0	1	1	0	0	1	0	0	0	0	0	0	0	2	1	0	0	0	2	0	0	0	0	0	0	0	0	0	0	1	0	0	0	2	0
A[T>C]A	0	1	1	0	0	1	0	1	0	0	0	0	0	0	0	2	0	0	0	0	0	0	0	1	2	0	1	1	1	0	1	0	0	0	1	2	1
A[T>C]C	0	0	0	0	1	1	0	0	0	0	0	0	0	1	0	1	0	1	0	0	4	0	0	0	0	0	0	0	1	0	0	0	0	0	0	2	1
A[T>C]G	0	0	1	2	0	0	0	1	0	3	0	0	0	1	0	1	0	2	0	0	0	1	1	0	1	0	1	3	1	1	0	0	0	1	2	2	0
A[T>C]T	0	0	2	0	0	1	1	0	1	0	0	2	0	0	0	0	1	0	0	1	3	1	1	0	1	0	1	0	0	1	1	1	1	0	0	1	0
A[T>G]A	0	0	1	0	0	1	0	0	0	0	0	0	0	0	0	1	0	0	0	1	1	0	1	0	0	0	0	0	0	0	0	0	0	0	0	1	0
A[T>G]C	0	0	0	0	0	0	0	0	0	0	0	0	0	0	0	0	0	0	0	2	2	0	0	0	1	1	0	0	0	0	0	0	0	0	0	0	0
A[T>G]G	0	1	0	0	0	0	0	0	1	0	0	0	0	0	0	0	0	1	0	0	0	0	1	0	1	0	0	1	1	1	0	0	0	0	0	0	1
A[T>G]T	0	0	1	0	0	1	0	0	0	1	0	0	0	0	0	0	0	0	0	0	4	0	0	0	0	0	0	0	0	1	0	0	1	0	0	0	0
C[C>A]A	0	1	4	1	2	1	0	1	1	1	1	0	0	0	0	3	0	0	0	0	1	0	0	1	1	1	1	1	0	0	0	0	0	0	0	9	1
C[C>A]C	0	1	0	1	0	0	0	1	1	0	0	0	0	0	1	1	1	1	1	0	0	0	2	0	2	0	0	0	0	0	0	1	0	1	0	9	0
C[C>A]G	0	0	1	0	0	0	1	1	0	0	0	0	0	0	0	1	0	0	0	0	0	0	0	0	0	0	0	0	0	0	0	1	0	0	0	1	0
C[C>A]T	1	0	2	2	0	0	2	0	0	0	0	0	0	0	0	2	1	0	1	0	0	0	2	0	1	0	0	1	0	0	0	0	1	1	0	9	0
C[C>G]A	1	1	1	1	0	0	1	0	1	0	0	0	0	0	0	1	0	3	0	0	0	0	0	0	0	0	0	0	0	0	0	0	1	1	0	0	1
C[C>G]C	0	1	0	1	1	0	1	1	0	0	0	0	0	0	0	1	1	0	0	0	0	0	0	1	0	0	1	1	0	0	1	0	0	1	0	4	1
C[C>G]G	0	0	0	1	0	0	0	0	0	0	0	0	0	0	0	0	0	0	0	0	0	1	0	0	1	0	0	0	0	0	0	0	0	0	0	0	0
C[C>G]T	1	1	1	2	2	0	1	0	1	0	3	0	0	0	0	3	0	0	0	0	0	0	0	0	0	0	1	0	0	0	1	0	0	1	0	5	2
C[C>T]A	2	1	5	1	1	0	1	4	0	3	2	0	0	1	1	2	1	3	1	1	2	1	0	0	2	0	1	5	0	2	1	0	4	3	0	4	1
C[C>T]C	0	1	1	3	2	0	2	1	0	0	3	1	0	1	0	1	1	1	1	1	1	1	0	1	0	0	1	1	0	0	2	0	1	0	0	4	1
C[C>T]G	3	2	4	2	3	0	0	2	5	1	5	1	1	1	2	0	1	3	3	3	2	2	1	2	1	2	3	2	4	0	3	4	1	1	1	5	3
C[C>T]T	1	2	1	1	2	1	1	0	1	0	1	1	0	0	1	4	1	2	1	1	4	1	1	3	0	2	1	0	0	0	1	2	1	2	1	4	3
C[T>A]A	0	1	1	0	0	0	0	1	0	0	0	0	0	0	0	0	0	0	0	0	1	0	0	0	0	1	1	0	2	0	1	0	0	1	0	1	0
C[T>A]C	0	1	0	0	0	0	0	0	0	0	0	0	0	0	1	1	0	0	1	0	1	0	1	0	0	0	1	0	0	0	1	1	0	1	0	0	1
C[T>A]G	1	3	1	0	0	0	0	0	2	0	1	0	0	0	0	0	0	0	1	0	2	0	0	1	0	0	1	0	0	0	0	0	0	1	0	2	1
C[T>A]T	0	0	3	0	0	0	0	0	1	1	0	0	0	0	0	2	0	0	0	0	0	0	0	0	1	0	0	0	2	0	0	0	0	1	1	2	0
C[T>C]A	1	0	0	0	1	0	0	0	0	0	0	0	0	0	0	0	0	0	0	0	0	0	2	0	0	0	0	0	0	0	0	1	1	1	0	1	0
C[T>C]C	1	1	0	0	0	0	1	0	0	0	1	0	0	0	0	1	0	0	0	0	3	0	1	0	1	0	0	0	0	0	0	0	0	0	0	2	0
C[T>C]G	2	0	1	0	1	2	0	0	1	0	1	1	0	0	0	3	0	0	1	0	5	0	0	0	1	2	0	0	1	0	0	0	1	0	0	1	0
C[T>C]T	0	0	0	0	0	0	0	0	1	0	1	0	0	1	0	2	0	1	0	0	2	0	2	0	0	0	0	0	1	1	0	0	1	2	0	0	1
C[T>G]A	0	0	1	0	0	0	0	0	0	0	0	0	0	0	0	1	0	0	0	0	0	0	0	0	0	0	0	0	0	0	0	0	0	0	0	0	0
C[T>G]C	1	0	0	0	0	0	0	0	0	0	1	0	0	0	0	0	0	0	0	2	2	0	0	0	0	0	0	0	0	0	0	0	0	1	0	0	0
C[T>G]G	0	1	1	1	0	0	1	0	0	0	1	0	0	0	0	3	0	0	1	0	1	0	3	0	0	1	0	0	1	0	1	0	1	0	0	2	1
C[T>G]T	0	0	1	0	2	0	0	0	1	0	2	0	0	0	0	3	0	0	0	1	26	0	1	0	0	0	1	0	0	0	0	0	0	0	0	0	0
G[C>A]A	1	1	0	2	0	0	1	0	0	2	0	0	0	0	0	1	0	1	0	1	0	0	2	0	1	0	1	0	0	1	1	0	0	0	0	3	1
G[C>A]C	0	1	4	2	0	1	0	1	0	1	2	2	0	0	0	4	0	1	0	1	1	0	0	1	1	0	0	1	0	1	1	0	0	0	2	8	2
G[C>A]G	0	1	2	0	2	0	1	0	0	2	0	0	0	0	0	1	0	1	1	0	0	0	1	0	0	1	0	0	0	0	0	0	1	0	0	3	0
G[C>A]T	1	0	7	0	0	0	0	0	0	0	0	0	0	0	1	0	0	1	1	0	1	0	0	0	4	0	0	0	1	1	0	0	0	1	0	2	0
G[C>G]A	0	0	2	0	0	3	1	0	0	0	0	1	0	0	0	0	0	0	1	0	0	1	0	0	1	1	0	0	0	0	1	0	0	0	0	0	0
G[C>G]C	1	0	1	0	1	0	0	0	0	0	0	0	0	0	1	0	0	0	1	0	0	0	1	0	1	0	0	1	0	0	0	0	0	0	0	1	0
G[C>G]G	0	0	0	1	0	0	0	0	0	0	0	0	0	0	0	2	0	1	0	0	0	0	0	0	0	0	0	0	0	0	0	0	0	0	0	0	0
G[C>G]T	2	0	1	0	1	0	0	0	0	0	1	0	0	0	0	4	0	0	0	0	0	0	0	0	1	1	0	0	0	0	0	1	0	0	0	1	2
G[C>T]A	1	1	2	0	3	0	1	2	0	2	1	0	0	1	0	2	0	0	0	1	1	0	1	0	3	2	1	0	1	0	5	4	1	0	1	5	3
G[C>T]C	0	1	2	2	1	1	1	0	1	2	0	3	0	0	0	5	0	1	0	0	2	1	4	0	1	3	1	2	0	1	1	3	1	0	3	1	1
G[C>T]G	1	8	3	2	1	1	1	9	2	3	2	0	0	4	4	5	3	4	7	0	1	1	9	6	3	3	3	4	2	2	3	1	4	4	2	1	6
G[C>T]T	1	2	3	0	2	1	2	1	0	0	1	1	0	2	0	0	0	2	2	1	3	0	5	1	0	1	0	1	0	1	0	1	0	0	4	7	1
G[T>A]A	0	0	0	0	2	0	1	1	0	0	0	0	0	0	0	0	0	0	0	0	0	0	0	0	0	0	0	0	1	0	0	0	0	0	0	2	1
G[T>A]C	1	0	2	1	0	0	0	0	0	1	0	0	0	0	0	0	0	0	0	0	0	1	0	0	1	0	0	1	0	0	0	0	0	1	0	0	0
G[T>A]G	1	0	0	0	0	0	0	0	0	1	0	0	0	0	0	1	0	0	1	0	0	0	0	0	0	0	0	1	0	1	1	0	1	0	0	1	0
G[T>A]T	0	0	0	0	1	1	0	0	0	0	0	0	0	0	0	0	0	0	0	0	1	0	0	0	0	0	0	0	0	0	0	0	1	0	0	1	0
G[T>C]A	1	0	2	0	1	0	1	0	0	1	0	1	0	0	0	0	0	0	0	0	1	0	1	0	0	0	0	0	1	0	1	0	0	0	0	0	0
G[T>C]C	3	1	0	0	0	1	0	0	1	1	1	0	0	0	1	0	0	2	0	0	1	0	0	0	0	0	0	0	0	1	0	0	0	0	0	0	3
G[T>C]G	0	0	0	1	0	2	1	0	1	0	0	0	0	1	1	1	0	1	0	0	0	0	0	0	0	0	2	1	0	1	0	0	0	0	0	1	1
G[T>C]T	0	0	1	0	0	1	0	1	0	0	0	0	1	0	0	2	0	2	0	1	1	0	1	0	0	1	0	2	1	1	1	0	0	1	1	0	0
G[T>G]A	1	0	0	0	0	0	0	0	0	0	0	0	0	0	0	0	0	0	0	0	0	1	0	0	0	0	0	1	0	0	0	0	0	1	1	0	0
G[T>G]C	0	0	0	0	0	0	0	0	0	0	0	0	0	0	0	0	0	0	0	0	0	0	1	0	0	0	0	0	0	0	0	0	0	0	0	1	0
G[T>G]G	0	0	1	1	0	0	0	0	0	0	1	0	0	0	0	0	0	0	1	0	0	0	0	0	0	0	0	0	0	0	0	0	0	0	0	1	0
G[T>G]T	2	0	1	0	0	0	0	0	0	0	1	0	0	0	0	0	1	0	0	0	1	0	0	0	0	0	0	0	0	0	0	0	0	1	0	0	0
T[C>A]A	3	1	2	3	1	0	0	1	0	1	1	0	0	0	0	5	1	2	0	1	1	1	2	0	0	0	1	0	0	2	0	1	0	0	0	2	1
T[C>A]C	2	3	2	1	0	1	0	0	0	1	1	0	0	0	1	1	0	0	3	3	1	0	4	0	2	0	0	2	0	1	1	0	1	2	2	8	2
T[C>A]G	2	0	1	0	0	0	0	0	0	0	0	0	0	1	0	4	0	1	0	0	0	1	0	0	0	0	0	0	0	0	1	0	0	0	0	6	0
T[C>A]T	0	0	9	1	0	0	2	0	0	0	2	1	0	1	0	0	1	1	0	0	0	2	4	2	1	0	1	0	0	1	3	0	0	1	0	6	5
T[C>G]A	19	17	1	1	0	0	5	0	0	3	1	0	0	0	1	4	0	0	1	0	0	2	3	0	0	0	19	0	2	1	3	0	0	3	0	1	0
T[C>G]C	4	7	5	0	0	0	1	0	0	4	1	0	0	0	0	8	0	3	0	1	0	2	0	0	0	1	4	0	0	0	3	1	1	0	1	3	0
T[C>G]G	1	1	0	0	0	0	1	0	0	0	0	0	0	0	0	0	0	0	0	0	0	0	1	0	0	0	1	0	0	0	0	0	0	0	0	0	1
T[C>G]T	17	15	6	1	1	2	2	0	4	8	1	1	0	2	0	13	0	1	2	0	1	1	4	0	3	1	19	1	1	0	8	1	1	0	1	2	2
T[C>T]A	13	19	6	2	3	5	1	5	2	5	1	0	0	2	0	8	1	3	3	1	5	4	4	1	3	0	28	1	1	1	6	1	5	0	3	5	1
T[C>T]C	5	6	2	1	0	0	3	1	2	2	4	2	0	3	0	4	0	4	2	2	2	2	3	0	0	1	2	5	0	1	1	1	1	3	1	2	4
T[C>T]G	6	8	4	2	2	2	2	4	2	2	3	3	0	3	2	6	1	0	0	1	0	1	5	3	0	3	7	1	1	3	1	1	0	0	0	5	5
T[C>T]T	13	7	2	4	0	4	1	4	2	8	2	0	0	1	0	4	2	1	1	0	3	0	4	0	2	3	7	1	2	1	3	2	0	1	1	5	3
T[T>A]A	0	0	0	0	0	0	0	0	0	0	0	0	0	0	0	0	0	0	0	0	0	1	0	0	0	0	0	0	0	0	0	1	0	1	1	2	0
T[T>A]C	0	0	3	1	0	0	0	1	0	0	0	0	0	0	0	0	0	0	0	0	0	0	2	1	1	1	0	0	0	0	0	0	1	0	0	1	1
T[T>A]G	0	0	0	2	0	0	0	0	0	0	0	0	0	0	0	0	0	0	0	0	0	1	0	0	0	0	0	0	0	0	0	0	0	0	0	0	0
T[T>A]T	0	0	0	0	0	0	0	0	0	0	0	0	0	0	0	1	0	0	0	0	0	0	0	0	0	0	0	0	0	0	0	0	1	0	0	0	1
T[T>C]A	0	0	0	0	0	0	0	1	0	0	0	0	0	0	0	1	0	0	1	0	2	0	1	0	1	0	0	0	0	0	0	0	0	0	0	2	0
T[T>C]C	1	0	1	1	0	1	1	1	0	0	0	0	0	0	0	0	0	0	1	2	2	0	0	0	0	0	2	0	0	0	0	0	0	0	1	2	0
T[T>C]G	0	0	0	0	0	0	1	1	0	0	0	0	0	0	0	3	0	0	0	0	0	0	0	0	0	0	0	0	0	1	0	0	0	0	0	0	0
T[T>C]T	0	0	2	1	0	0	0	1	0	0	0	0	0	0	1	2	0	1	0	0	0	0	1	0	0	0	0	1	0	0	0	0	0	1	2	2	0
T[T>G]A	0	0	1	0	0	0	0	0	0	0	0	0	0	0	0	0	0	0	0	1	0	0	0	0	1	0	0	0	0	0	0	0	0	0	0	0	0
T[T>G]C	0	0	0	0	0	0	0	0	0	0	1	0	0	0	0	1	0	0	0	0	2	0	0	0	0	0	0	0	2	1	1	0	0	0	0	0	0
T[T>G]G	0	0	0	0	0	0	0	0	0	0	0	0	0	0	0	0	0	0	1	0	0	0	1	0	0	0	0	0	0	0	0	0	0	0	0	0	0
T[T>G]T	0	0	1	0	0	0	0	0	0	0	0	1	0	0	0	1	1	1	0	1	11	0	0	0	0	0	0	0	0	0	0	0	0	1	1	0	0
