NMF_Replicate	L1	L1 %	L2	L2 %	KL Divergence	Correlation	Convergence Iterations
1	119.811	70.557	20.558	53.086	0.575	0.693	20000.0
2	119.241	65.898	19.477	52.056	0.489	0.714	20000.0
3	131.046	71.834	20.937	54.265	0.536	0.696	20000.0
4	132.068	73.39	23.215	54.865	0.551	0.714	20000.0
5	132.854	73.979	20.565	54.152	0.566	0.689	20000.0
6	130.074	68.904	21.062	53.229	0.51	0.72	20000.0
7	123.665	68.086	20.385	53.533	0.493	0.698	20000.0
8	122.38	69.489	20.937	53.6	0.519	0.712	20000.0
9	124.456	72.113	18.945	52.244	0.568	0.69	20000.0
10	125.703	70.629	21.302	54.247	0.553	0.683	20000.0
11	111.73	64.59	19.126	52.275	0.509	0.695	20000.0
12	125.632	69.927	20.893	53.393	0.532	0.706	20000.0
13	132.571	71.902	21.463	55.612	0.537	0.673	20000.0
14	128.109	70.053	20.366	55.03	0.542	0.67	20000.0
15	126.246	72.044	20.241	54.137	0.564	0.671	20000.0
16	116.8	67.107	20.095	53.043	0.538	0.702	20000.0
17	136.776	73.2	22.191	54.495	0.564	0.709	20000.0
18	122.225	71.269	21.12	53.117	0.546	0.705	30000.0
19	137.98	73.272	22.324	55.089	0.544	0.698	30000.0
20	126.042	70.451	21.964	55.311	0.533	0.683	30000.0
21	142.046	75.585	21.567	57.559	0.57	0.638	20000.0
22	120.075	68.874	19.156	52.482	0.554	0.691	20000.0
23	122.494	69.255	21.387	53.69	0.544	0.713	20000.0
24	123.812	67.23	20.723	52.671	0.509	0.723	20000.0
25	134.979	74.295	20.786	54.488	0.555	0.693	20000.0
26	135.114	73.856	21.719	54.361	0.562	0.697	30000.0
27	123.731	69.34	19.788	52.668	0.522	0.698	20000.0
28	128.318	70.727	19.764	53.318	0.556	0.68	30000.0
29	125.598	71.54	19.976	53.762	0.549	0.688	20000.0
30	129.477	67.863	21.159	54.106	0.467	0.705	20000.0
31	133.622	71.989	21.132	54.202	0.543	0.697	20000.0
32	126.318	68.912	20.906	54.052	0.522	0.693	20000.0
33	132.872	73.15	20.668	54.845	0.569	0.665	30000.0
34	134.442	72.866	21.39	54.782	0.55	0.702	20000.0
35	130.988	72.063	22.376	56.388	0.548	0.678	20000.0
36	149.557	76.264	23.661	57.681	0.567	0.669	20000.0
37	128.464	70.331	20.093	54.298	0.519	0.69	20000.0
38	123.893	70.754	20.549	52.701	0.55	0.704	40000.0
39	128.453	70.443	20.614	53.492	0.531	0.712	20000.0
40	131.08	72.293	20.949	55.098	0.576	0.668	20000.0
41	129.516	69.101	20.841	53.641	0.518	0.705	20000.0
42	119.79	67.282	21.148	53.69	0.514	0.705	30000.0
43	140.703	75.454	22.502	57.391	0.589	0.654	20000.0
44	126.019	71.234	20.8	54.483	0.552	0.689	20000.0
45	136.809	74.691	20.891	55.777	0.552	0.662	20000.0
46	120.697	66.231	18.7	51.007	0.483	0.725	30000.0
47	143.946	75.2	23.791	58.486	0.59	0.653	20000.0
48	128.387	68.732	22.023	54.532	0.517	0.709	20000.0
49	120.837	71.23	19.609	53.378	0.581	0.673	20000.0
50	122.021	67.66	21.443	54.506	0.506	0.693	20000.0
51	121.899	69.277	18.92	50.672	0.506	0.728	20000.0
52	136.678	73.208	21.5	55.961	0.569	0.664	20000.0
53	135.732	74.869	22.048	57.014	0.574	0.651	40000.0
54	122.056	69.126	19.586	52.293	0.529	0.703	20000.0
55	133.439	71.94	20.878	54.381	0.563	0.686	20000.0
56	128.233	68.909	20.176	53.508	0.513	0.694	20000.0
57	142.941	73.271	22.487	55.82	0.56	0.69	20000.0
58	131.831	75.107	21.868	55.69	0.602	0.672	20000.0
59	123.899	69.175	21.78	53.716	0.533	0.711	20000.0
60	122.956	70.306	19.493	52.453	0.546	0.697	20000.0
61	141.62	74.052	22.073	56.918	0.563	0.664	20000.0
62	133.969	72.689	21.334	55.391	0.574	0.68	20000.0
63	136.559	74.138	22.929	56.952	0.576	0.667	20000.0
64	139.386	78.025	22.989	57.42	0.659	0.644	20000.0
65	122.736	68.983	18.901	53.087	0.563	0.672	20000.0
66	130.487	72.982	22.355	56.196	0.614	0.66	20000.0
67	127.33	67.864	19.876	52.653	0.48	0.716	20000.0
68	113.862	67.276	19.163	51.136	0.513	0.73	20000.0
69	116.932	67.723	18.574	51.544	0.523	0.702	20000.0
70	128.613	69.544	21.399	54.081	0.513	0.707	20000.0
71	141.34	76.753	21.422	55.371	0.584	0.679	20000.0
72	127.485	67.03	20.741	53.131	0.513	0.714	20000.0
73	122.304	69.186	21.205	52.138	0.551	0.725	20000.0
74	131.188	68.517	21.355	54.324	0.477	0.708	20000.0
75	132.941	72.589	21.341	53.822	0.537	0.714	20000.0
76	127.116	71.211	21.403	53.592	0.554	0.704	20000.0
77	130.382	69.286	20.89	54.278	0.506	0.693	20000.0
78	127.283	69.01	18.04	52.39	0.52	0.685	20000.0
79	134.261	71.875	20.863	54.06	0.533	0.699	20000.0
80	132.631	71.985	21.799	55.754	0.586	0.67	20000.0
81	124.169	69.709	19.428	53.477	0.533	0.679	20000.0
82	132.077	69.806	20.447	54.061	0.515	0.699	20000.0
83	116.492	67.444	18.357	50.977	0.509	0.711	20000.0
84	133.476	70.287	20.779	54.263	0.506	0.701	40000.0
85	122.699	68.887	19.652	52.527	0.53	0.696	20000.0
86	137.385	73.59	20.846	55.785	0.571	0.66	20000.0
87	121.665	65.661	18.915	51.062	0.438	0.726	20000.0
88	125.992	71.346	19.662	53.245	0.583	0.68	20000.0
89	119.457	69.147	18.858	52.057	0.533	0.688	20000.0
90	123.501	70.247	19.112	52.709	0.541	0.684	40000.0
91	146.669	76.384	23.805	58.037	0.587	0.658	20000.0
92	140.189	74.56	23.395	58.194	0.564	0.665	20000.0
93	133.328	73.193	23.527	56.648	0.567	0.672	20000.0
94	121.371	67.41	20.072	53.616	0.516	0.69	20000.0
95	129.096	70.178	20.36	53.923	0.506	0.683	20000.0
96	128.592	69.203	21.508	55.16	0.524	0.693	20000.0
97	117.451	68.195	18.523	51.154	0.52	0.702	20000.0
98	119.733	68.837	19.777	52.698	0.526	0.703	20000.0
99	120.614	67.991	20.485	52.237	0.508	0.73	20000.0
100	120.333	69.603	19.042	51.851	0.553	0.704	30000.0
