MutationType	DBS78A	DBS78B	DBS78C	DBS78D	DBS78E	DBS78F	DBS78G	DBS78H	DBS78I	DBS78J
AC>CA	1.4542899898515315e-05	1.160069481102255e-05	1.0360858411786466e-05	1.0980698141362932e-05	1.4291448490553193e-05	1.702546856677145e-05	1.725353829897358e-05	1.2088298061598835e-05	1.704121596276309e-05	2.1953637906335642e-05
AC>CG	1.4542899898515315e-05	1.160069481102255e-05	1.0360858411786466e-05	1.0980698141362932e-05	1.4291448490553193e-05	1.702546856677145e-05	1.725353829897358e-05	1.2088298061598835e-05	1.704121596276309e-05	2.1953637906335642e-05
AC>CT	1.4542899898515315e-05	1.160069481102255e-05	1.0360858411786466e-05	1.0980698141362932e-05	1.4291448490553193e-05	1.702546856677145e-05	1.725353829897358e-05	1.2088298061598835e-05	1.704121596276309e-05	2.1953637906335642e-05
AC>GA	1.4542899898515315e-05	1.160069481102255e-05	1.0360858411786466e-05	1.0980698141362932e-05	1.4291448490553193e-05	1.702546856677145e-05	1.725353829897358e-05	1.2088298061598835e-05	1.704121596276309e-05	2.1953637906335642e-05
AC>GG	1.4542899898515315e-05	1.160069481102255e-05	1.0360858411786466e-05	1.0980698141362932e-05	1.4291448490553193e-05	1.702546856677145e-05	1.725353829897358e-05	1.2088298061598835e-05	1.704121596276309e-05	2.1953637906335642e-05
AC>GT	1.4542899898515315e-05	1.160069481102255e-05	1.0360858411786466e-05	1.0980698141362932e-05	1.4291448490553193e-05	1.702546856677145e-05	1.725353829897358e-05	1.2088298061598835e-05	1.704121596276309e-05	2.1953637906335642e-05
AC>TA	0.0239562101577538	0.002481937801033709	0.031394953773107796	9.466083105927788e-06	1.0042803662886332e-05	1.391396035728576e-05	0.008510928433874989	0.010791481352328252	1.3632406081214859e-05	0.00520041471396226
AC>TG	1.4542899898515315e-05	1.160069481102255e-05	1.0360858411786466e-05	1.0980698141362932e-05	1.4291448490553193e-05	1.702546856677145e-05	1.725353829897358e-05	1.2088298061598835e-05	1.704121596276309e-05	2.1953637906335642e-05
AC>TT	1.1231399532065644e-05	0.006139717046208943	8.619221312535785e-06	0.010779589907667603	0.0014225294351839302	0.015956222452375282	1.6356175497094227e-05	0.021240033560454497	0.014850794033785064	0.0018247638626155548
AT>CA	1.4542899898515315e-05	1.160069481102255e-05	1.0360858411786466e-05	1.0980698141362932e-05	1.4291448490553193e-05	1.702546856677145e-05	1.725353829897358e-05	1.2088298061598835e-05	1.704121596276309e-05	2.1953637906335642e-05
AT>CC	1.4542899898515315e-05	1.160069481102255e-05	1.0360858411786466e-05	1.0980698141362932e-05	1.4291448490553193e-05	1.702546856677145e-05	1.725353829897358e-05	1.2088298061598835e-05	1.704121596276309e-05	2.1953637906335642e-05
AT>CG	1.4542899898515315e-05	1.160069481102255e-05	1.0360858411786466e-05	1.0980698141362932e-05	1.4291448490553193e-05	1.702546856677145e-05	1.725353829897358e-05	1.2088298061598835e-05	1.704121596276309e-05	2.1953637906335642e-05
AT>GA	1.4542899898515315e-05	1.160069481102255e-05	1.0360858411786466e-05	1.0980698141362932e-05	1.4291448490553193e-05	1.702546856677145e-05	1.725353829897358e-05	1.2088298061598835e-05	1.704121596276309e-05	2.1953637906335642e-05
AT>GC	1.4542899898515315e-05	1.160069481102255e-05	1.0360858411786466e-05	1.0980698141362932e-05	1.4291448490553193e-05	1.702546856677145e-05	1.725353829897358e-05	1.2088298061598835e-05	1.704121596276309e-05	2.1953637906335642e-05
AT>TA	1.030972464606289e-05	0.008472469188154454	8.239741591522542e-06	0.004343604111958926	0.010626600131392399	0.007930883195110818	0.012012030066005082	0.05154100585018284	1.395930586210593e-05	0.006933481635262382
CC>AA	0.7733792352676392	0.5587818574138782	0.33317013622628155	0.3019638545565811	0.5911295166611672	0.19236719153453663	0.005198969737867007	0.2544361411889537	0.323960768821442	0.21631468774315873
CC>AG	0.02567127970059927	0.02377914419005208	0.41805612328983444	0.005856751340511266	0.02928234158284189	0.002006711870962375	0.006680233047650057	0.06594472213060674	0.0016893510685846644	0.09602414959753075
CC>AT	0.006597816938754999	0.09201919850048998	0.003485714431760002	0.07912821659063762	0.013523942147733477	0.4973379179222684	2.0734788704199256e-05	0.02290241449952398	0.03912258975461199	0.009707697548563331
CC>GA	0.07044727119954207	0.0070722098364921935	0.024065595675936437	0.0037510736577566423	0.0016564266205824779	0.019680436158579534	0.009182457770501884	0.014012436519489427	0.027978495835850003	0.005900881471229163
CC>GG	1.4542899898515315e-05	1.160069481102255e-05	1.0360858411786466e-05	1.0980698141362932e-05	1.4291448490553193e-05	1.702546856677145e-05	1.725353829897358e-05	1.2088298061598835e-05	1.704121596276309e-05	2.1953637906335642e-05
CC>GT	0.002309359790075427	8.937180088930848e-06	0.004402493413843185	0.01972358969005884	0.03555987416425949	1.3934510645867704e-05	0.010673494617583419	0.002477171892289145	1.3263423415494913e-05	1.6779852376146394e-05
CC>TA	0.003515209789271403	0.060315199706698054	0.004079774872336357	0.0006540453361408439	0.0019083562071660425	0.05014521119748276	0.002032519276490632	0.014122142548331744	0.01906878629265144	0.01759433932105345
CC>TG	1.4542899898515315e-05	1.160069481102255e-05	1.0360858411786466e-05	1.0980698141362932e-05	1.4291448490553193e-05	1.702546856677145e-05	1.725353829897358e-05	1.2088298061598835e-05	1.704121596276309e-05	2.1953637906335642e-05
CC>TT	0.009633004160889802	0.003407508906142094	0.04453247075473156	0.00865232466029383	0.02666807503577102	0.005236076008757077	0.37398173699133624	0.08668442058808414	4.5807107341524865e-06	0.004336148622029314
CG>AT	8.045427360596044e-06	0.0033364129205596172	0.02673970146897168	0.006792757580400361	0.005143195932238861	0.004968655948971161	0.005422232261866899	0.0016715507446700914	0.017941370957808126	0.07398339053052137
CG>GC	9.208759197824045e-06	9.179413915734713e-06	8.073579878824485e-06	9.323803100936853e-06	1.1069217847073394e-05	0.0045909370052549395	0.13841426729233716	7.593174811399667e-06	1.4110404178972504e-05	1.7725721834778274e-05
CG>GT	0.0011278004200693176	0.0019079504107413713	0.0008095661729289706	0.09515450666820456	0.010736126840160433	0.014864288387428783	0.0022356683957524045	0.002906381216190194	0.005166307486394024	1.748691453807423e-05
CG>TA	1.4542899898515315e-05	1.160069481102255e-05	1.0360858411786466e-05	1.0980698141362932e-05	1.4291448490553193e-05	1.702546856677145e-05	1.725353829897358e-05	1.2088298061598835e-05	1.704121596276309e-05	2.1953637906335642e-05
CG>TC	1.4542899898515315e-05	1.160069481102255e-05	1.0360858411786466e-05	1.0980698141362932e-05	1.4291448490553193e-05	1.702546856677145e-05	1.725353829897358e-05	1.2088298061598835e-05	1.704121596276309e-05	2.1953637906335642e-05
CG>TT	0.0036264438938790637	0.009669783010136315	0.002980383977013463	0.2660740172701825	0.03956488871451865	0.024369226754454867	0.0035972282779180562	0.011873219112310927	0.02430263963987926	0.004156355880379217
CT>AA	0.012243729033052148	0.03671704607742873	0.00043408931313226716	0.01297947908391795	0.012097257974574062	0.03238204440864992	0.008188316344550148	0.010619686193898468	0.31154658474512414	1.3333867101200751e-05
CT>AC	1.4542899898515315e-05	1.160069481102255e-05	1.0360858411786466e-05	1.0980698141362932e-05	1.4291448490553193e-05	1.702546856677145e-05	1.725353829897358e-05	1.2088298061598835e-05	1.704121596276309e-05	2.1953637906335642e-05
CT>AG	0.00412613631538417	0.0029512996703152123	0.018511584339682773	6.756404559963951e-06	0.001438598162078782	5.4935220996807424e-05	0.005861317703086686	7.3954671041546376e-06	0.0008107802802079131	0.22469943948227808
CT>GA	1.4542899898515315e-05	1.160069481102255e-05	1.0360858411786466e-05	1.0980698141362932e-05	1.4291448490553193e-05	1.702546856677145e-05	1.725353829897358e-05	1.2088298061598835e-05	1.704121596276309e-05	2.1953637906335642e-05
CT>GC	1.4542899898515315e-05	1.160069481102255e-05	1.0360858411786466e-05	1.0980698141362932e-05	1.4291448490553193e-05	1.702546856677145e-05	1.725353829897358e-05	1.2088298061598835e-05	1.704121596276309e-05	2.1953637906335642e-05
CT>GG	1.4542899898515315e-05	1.160069481102255e-05	1.0360858411786466e-05	1.0980698141362932e-05	1.4291448490553193e-05	1.702546856677145e-05	1.725353829897358e-05	1.2088298061598835e-05	1.704121596276309e-05	2.1953637906335642e-05
CT>TA	0.023534453798425545	6.913862428606802e-06	0.02838611708907187	7.586778565345025e-06	7.787764365062596e-06	1.1407599415349524e-05	0.15004426828653777	0.0039723703013725365	1.0202585860451066e-05	0.005528632731498045
CT>TC	1.4542899898515315e-05	1.160069481102255e-05	1.0360858411786466e-05	1.0980698141362932e-05	1.4291448490553193e-05	1.702546856677145e-05	1.725353829897358e-05	1.2088298061598835e-05	1.704121596276309e-05	2.1953637906335642e-05
CT>TG	1.4542899898515315e-05	1.160069481102255e-05	1.0360858411786466e-05	1.0980698141362932e-05	1.4291448490553193e-05	1.702546856677145e-05	1.725353829897358e-05	1.2088298061598835e-05	1.704121596276309e-05	2.1953637906335642e-05
GC>AA	0.0027879487915823636	0.003551287579913094	0.01728526520328764	0.005293201913207446	0.010536563191753712	0.014424444500044209	0.03186433024181976	0.2650789178076275	0.010048466008755072	0.007705541057973439
GC>AG	1.4542899898515315e-05	1.160069481102255e-05	1.0360858411786466e-05	1.0980698141362932e-05	1.4291448490553193e-05	1.702546856677145e-05	1.725353829897358e-05	1.2088298061598835e-05	1.704121596276309e-05	2.1953637906335642e-05
GC>AT	1.4542899898515315e-05	1.160069481102255e-05	1.0360858411786466e-05	1.0980698141362932e-05	1.4291448490553193e-05	1.702546856677145e-05	1.725353829897358e-05	1.2088298061598835e-05	1.704121596276309e-05	2.1953637906335642e-05
GC>CA	0.0038170177220462165	0.005656657410302728	9.557809863499378e-06	0.022461524629489724	0.00822823920386024	0.014856976274512022	1.665679776976958e-05	1.0428122725159027e-05	0.008823104261645759	0.005237684850549806
GC>CG	1.4542899898515315e-05	1.160069481102255e-05	1.0360858411786466e-05	1.0980698141362932e-05	1.4291448490553193e-05	1.702546856677145e-05	1.725353829897358e-05	1.2088298061598835e-05	1.704121596276309e-05	2.1953637906335642e-05
GC>TA	1.4542899898515315e-05	1.160069481102255e-05	1.0360858411786466e-05	1.0980698141362932e-05	1.4291448490553193e-05	1.702546856677145e-05	1.725353829897358e-05	1.2088298061598835e-05	1.704121596276309e-05	2.1953637906335642e-05
TA>AT	1.4542899898515315e-05	1.160069481102255e-05	1.0360858411786466e-05	1.0980698141362932e-05	1.4291448490553193e-05	1.702546856677145e-05	1.725353829897358e-05	1.2088298061598835e-05	1.704121596276309e-05	2.1953637906335642e-05
TA>CG	1.4542899898515315e-05	1.160069481102255e-05	1.0360858411786466e-05	1.0980698141362932e-05	1.4291448490553193e-05	1.702546856677145e-05	1.725353829897358e-05	1.2088298061598835e-05	1.704121596276309e-05	2.1953637906335642e-05
TA>CT	1.4542899898515315e-05	1.160069481102255e-05	1.0360858411786466e-05	1.0980698141362932e-05	1.4291448490553193e-05	1.702546856677145e-05	1.725353829897358e-05	1.2088298061598835e-05	1.704121596276309e-05	2.1953637906335642e-05
TA>GC	1.4542899898515315e-05	1.160069481102255e-05	1.0360858411786466e-05	1.0980698141362932e-05	1.4291448490553193e-05	1.702546856677145e-05	1.725353829897358e-05	1.2088298061598835e-05	1.704121596276309e-05	2.1953637906335642e-05
TA>GG	1.4542899898515315e-05	1.160069481102255e-05	1.0360858411786466e-05	1.0980698141362932e-05	1.4291448490553193e-05	1.702546856677145e-05	1.725353829897358e-05	1.2088298061598835e-05	1.704121596276309e-05	2.1953637906335642e-05
TA>GT	1.4542899898515315e-05	1.160069481102255e-05	1.0360858411786466e-05	1.0980698141362932e-05	1.4291448490553193e-05	1.702546856677145e-05	1.725353829897358e-05	1.2088298061598835e-05	1.704121596276309e-05	2.1953637906335642e-05
TC>AA	0.0005001151013652701	0.0016922466002522024	0.003937669215214104	0.05191228679787585	0.057039568315059054	0.012797062258844366	0.008682725917967388	0.011134007370519625	0.005405182886550731	0.007249530746282428
TC>AG	0.0008579217625620573	8.465497019820036e-06	0.004732509849249027	0.017098830862485728	0.03473376534333568	1.4290501112981247e-05	0.009762459597864235	0.004191629524299749	1.329834189898493e-05	0.0014476245324266978
TC>AT	0.0035648814670660605	0.0048724983155124515	7.803667251426325e-06	0.004292658816098011	0.02329917895989381	0.0006960590993681995	0.0023504720102241468	0.012038439270559524	0.08568008299761164	0.005803303126376682
TC>CA	0.009801348286033136	0.011109660457605343	0.010064859470012778	0.0014560550964412276	0.001914028497882055	1.3454352192271832e-05	1.620188157858138e-05	0.001714710910401892	1.3687099950103173e-05	0.07282952397164535
TC>CG	1.4542899898515315e-05	1.160069481102255e-05	1.0360858411786466e-05	1.0980698141362932e-05	1.4291448490553193e-05	1.702546856677145e-05	1.725353829897358e-05	1.2088298061598835e-05	1.704121596276309e-05	2.1953637906335642e-05
TC>CT	0.00765891531276271	0.02977397803407692	0.003996530396550732	0.0230216074595252	0.013230909241375178	0.01192901270137554	0.0027395105419498124	8.179074789128536e-06	0.008136593587892604	0.0017733722572760011
TC>GA	1.4542899898515315e-05	1.160069481102255e-05	1.0360858411786466e-05	1.0980698141362932e-05	1.4291448490553193e-05	1.702546856677145e-05	1.725353829897358e-05	1.2088298061598835e-05	1.704121596276309e-05	2.1953637906335642e-05
TC>GG	1.4542899898515315e-05	1.160069481102255e-05	1.0360858411786466e-05	1.0980698141362932e-05	1.4291448490553193e-05	1.702546856677145e-05	1.725353829897358e-05	1.2088298061598835e-05	1.704121596276309e-05	2.1953637906335642e-05
TC>GT	1.4542899898515315e-05	1.160069481102255e-05	1.0360858411786466e-05	1.0980698141362932e-05	1.4291448490553193e-05	1.702546856677145e-05	1.725353829897358e-05	1.2088298061598835e-05	1.704121596276309e-05	2.1953637906335642e-05
TG>AA	0.0013431155050090992	0.015535384718360565	0.0059898541003574534	0.027661854785073464	0.01592425873879861	0.03357027594434918	0.006448781017080234	0.04516605365781265	0.06327163308636788	0.10156079301525096
TG>AC	1.4542899898515315e-05	1.160069481102255e-05	1.0360858411786466e-05	1.0980698141362932e-05	1.4291448490553193e-05	1.702546856677145e-05	1.725353829897358e-05	1.2088298061598835e-05	1.704121596276309e-05	2.1953637906335642e-05
TG>AT	6.3991710070136415e-06	0.005104603023827894	0.005088112433444762	0.01003428635023119	0.034758483445141396	0.007830884085491643	0.17837713706261638	0.03804536792318811	0.0006880704011316869	0.0054255214653821625
TG>CA	1.4542899898515315e-05	1.160069481102255e-05	1.0360858411786466e-05	1.0980698141362932e-05	1.4291448490553193e-05	1.702546856677145e-05	1.725353829897358e-05	1.2088298061598835e-05	1.704121596276309e-05	2.1953637906335642e-05
TG>CC	1.4542899898515315e-05	1.160069481102255e-05	1.0360858411786466e-05	1.0980698141362932e-05	1.4291448490553193e-05	1.702546856677145e-05	1.725353829897358e-05	1.2088298061598835e-05	1.704121596276309e-05	2.1953637906335642e-05
TG>CT	0.002669577531215647	0.07694076043206408	0.006858784492900432	0.02032351412449748	0.012333799723850791	0.024312438093169155	0.016789498352231102	0.04369987872907957	0.0190658905990109	0.11248906158291164
TG>GA	1.4542899898515315e-05	1.160069481102255e-05	1.0360858411786466e-05	1.0980698141362932e-05	1.4291448490553193e-05	1.702546856677145e-05	1.725353829897358e-05	1.2088298061598835e-05	1.704121596276309e-05	2.1953637906335642e-05
TG>GC	1.4542899898515315e-05	1.160069481102255e-05	1.0360858411786466e-05	1.0980698141362932e-05	1.4291448490553193e-05	1.702546856677145e-05	1.725353829897358e-05	1.2088298061598835e-05	1.704121596276309e-05	2.1953637906335642e-05
TG>GT	1.4542899898515315e-05	1.160069481102255e-05	1.0360858411786466e-05	1.0980698141362932e-05	1.4291448490553193e-05	1.702546856677145e-05	1.725353829897358e-05	1.2088298061598835e-05	1.704121596276309e-05	2.1953637906335642e-05
TT>AA	1.4542899898515315e-05	1.160069481102255e-05	1.0360858411786466e-05	1.0980698141362932e-05	1.4291448490553193e-05	1.702546856677145e-05	1.725353829897358e-05	1.2088298061598835e-05	1.704121596276309e-05	2.1953637906335642e-05
TT>AC	1.4542899898515315e-05	1.160069481102255e-05	1.0360858411786466e-05	1.0980698141362932e-05	1.4291448490553193e-05	1.702546856677145e-05	1.725353829897358e-05	1.2088298061598835e-05	1.704121596276309e-05	2.1953637906335642e-05
TT>AG	0.006058799508801724	0.028097573746474706	0.0004373156070693085	8.03132441334695e-06	0.006499876391305199	0.00677371874895779	1.652613540954917e-05	0.003097792807358175	0.01149370720840891	0.005110543237166214
TT>CA	1.4542899898515315e-05	1.160069481102255e-05	1.0360858411786466e-05	1.0980698141362932e-05	1.4291448490553193e-05	1.702546856677145e-05	1.725353829897358e-05	1.2088298061598835e-05	1.704121596276309e-05	2.1953637906335642e-05
TT>CC	1.4542899898515315e-05	1.160069481102255e-05	1.0360858411786466e-05	1.0980698141362932e-05	1.4291448490553193e-05	1.702546856677145e-05	1.725353829897358e-05	1.2088298061598835e-05	1.704121596276309e-05	2.1953637906335642e-05
TT>CG	1.4542899898515315e-05	1.160069481102255e-05	1.0360858411786466e-05	1.0980698141362932e-05	1.4291448490553193e-05	1.702546856677145e-05	1.725353829897358e-05	1.2088298061598835e-05	1.704121596276309e-05	2.1953637906335642e-05
TT>GA	1.4542899898515315e-05	1.160069481102255e-05	1.0360858411786466e-05	1.0980698141362932e-05	1.4291448490553193e-05	1.702546856677145e-05	1.725353829897358e-05	1.2088298061598835e-05	1.704121596276309e-05	2.1953637906335642e-05
TT>GC	1.4542899998559733e-05	1.1600694801927602e-05	1.03608583674486e-05	1.0980698161855429e-05	1.4291448578092058e-05	1.70254685758664e-05	1.7253538198929165e-05	1.2088298033177126e-05	1.7041215926383302e-05	2.1953637819933647e-05
TT>GG	1.4542899998559733e-05	1.1600694801927602e-05	1.03608583674486e-05	1.0980698161855429e-05	1.4291448578092058e-05	1.70254685758664e-05	1.7253538198929165e-05	1.2088298033177126e-05	1.7041215926383302e-05	2.1953637819933647e-05
