MutationType	DBS78A	DBS78B	DBS78C
AC>CA	1.3634643855766627e-05	1.2888871306131477e-05	1.3938349820818984e-05
AC>CG	1.3634643883051467e-05	1.2888871287941583e-05	1.393834983900888e-05
AC>CT	1.3634643855766627e-05	1.2888871306131477e-05	1.3938349820818984e-05
AC>GA	1.3634643883051467e-05	1.2888871287941583e-05	1.393834983900888e-05
AC>GG	1.3634643855766627e-05	1.2888871306131477e-05	1.3938349820818984e-05
AC>GT	1.3634643883051467e-05	1.2888871287941583e-05	1.393834983900888e-05
AC>TA	0.0021268396779339583	0.00953775152579709	0.016396695094226744
AC>TG	1.363464387395652e-05	1.2888871287941583e-05	1.3938349829913933e-05
AC>TT	0.012039295111217143	0.0028171928274286985	0.005280289031466056
AT>CA	1.3634643883051467e-05	1.2888871287941583e-05	1.393834983900888e-05
AT>CC	1.3634643855766627e-05	1.2888871306131477e-05	1.3938349820818984e-05
AT>CG	1.3634643883051467e-05	1.2888871287941583e-05	1.393834983900888e-05
AT>GA	1.3634643855766627e-05	1.2888871306131477e-05	1.3938349820818984e-05
AT>GC	1.3634643883051467e-05	1.2888871287941583e-05	1.393834983900888e-05
AT>TA	0.0033465471063618677	0.004818641862881062	0.023872636448345474
CC>AA	0.47114142461017766	0.547767513692379	0.17112143557177548
CC>AG	0.013340733872158117	0.11325717005785356	0.10426929135517024
CC>AT	0.16234374808825572	0.018781137631569213	0.0271215980580655
CC>GA	0.013018074183037812	0.01185011035311959	0.022770454304381568
CC>GG	1.363464387395652e-05	1.2888871287941583e-05	1.3938349829913933e-05
CC>GT	0.0015953804421110363	0.01194375999811406	0.011768131080576722
CC>TA	0.018148229172844147	0.011706805528714313	0.015088049361625054
CC>TG	1.3634643855766627e-05	1.2888871306131477e-05	1.3938349820818984e-05
CC>TT	0.007836960935592276	0.026302612534256344	0.15367825315189407
CG>AT	0.0065451403054726165	0.007414870779258536	0.013290133542051307
CG>GC	0.0030004651723359666	0.002877139747872039	0.033623446860417516
CG>GT	0.010947551191342199	0.010242431614910216	0.007990617575081273
CG>TA	1.363464387395652e-05	1.2888871287941583e-05	1.3938349829913933e-05
CG>TC	1.3634643855766627e-05	1.2888871306131477e-05	1.3938349820818984e-05
CG>TT	0.050683851060683766	0.03042976541966185	0.029153436742662145
CT>AA	0.07068783948179544	0.01703098316171083	0.016208482307016638
CT>AC	1.363464387395652e-05	1.2888871287941583e-05	1.3938349829913933e-05
CT>AG	0.005587388278217306	0.020567838482096753	0.034208336167542
CT>GA	1.3634643883051467e-05	1.2888871287941583e-05	1.393834983900888e-05
CT>GC	1.3634643855766627e-05	1.2888871306131477e-05	1.3938349820818984e-05
CT>GG	1.363464387395652e-05	1.2888871287941583e-05	1.3938349829913933e-05
CT>TA	0.0017515688004640139	0.009763497622867599	0.05540749858167743
CT>TC	1.363464387395652e-05	1.2888871287941583e-05	1.3938349829913933e-05
CT>TG	1.3634643855766627e-05	1.2888871306131477e-05	1.3938349820818984e-05
GC>AA	0.027871015141931254	0.025212983290908503	0.05897779159306232
GC>AG	1.3634643855766627e-05	1.2888871306131477e-05	1.3938349820818984e-05
GC>AT	1.3634643883051467e-05	1.2888871287941583e-05	1.393834983900888e-05
GC>CA	0.010405141770738736	0.003956143153545782	0.004337123988256053
GC>CG	1.3634643883051467e-05	1.2888871287941583e-05	1.393834983900888e-05
GC>TA	1.3634643855766627e-05	1.2888871306131477e-05	1.3938349820818984e-05
TA>AT	1.3634643883051467e-05	1.2888871287941583e-05	1.393834983900888e-05
TA>CG	1.3634643855766627e-05	1.2888871306131477e-05	1.3938349820818984e-05
TA>CT	1.363464387395652e-05	1.2888871287941583e-05	1.3938349829913933e-05
TA>GC	1.3634643855766627e-05	1.2888871306131477e-05	1.3938349820818984e-05
TA>GG	1.363464387395652e-05	1.2888871287941583e-05	1.3938349829913933e-05
TA>GT	1.3634643855766627e-05	1.2888871306131477e-05	1.3938349820818984e-05
TC>AA	0.0106458985627664	0.01749609272733778	0.015586052097876507
TC>AG	0.0010834443229521184	0.010588554226526412	0.013253486625039272
TC>AT	0.0092658928489368	0.008073138735626343	0.008629597447437617
TC>CA	0.0047658850542239865	0.009545510294851739	0.01465890487608192
TC>CG	1.3634643883051467e-05	1.2888871287941583e-05	1.393834983900888e-05
TC>CT	0.011787522521804022	0.009808860540940713	0.004071004854106093
TC>GA	1.363464387395652e-05	1.2888871287941583e-05	1.3938349829913933e-05
TC>GG	1.3634643855766627e-05	1.2888871306131477e-05	1.3938349820818984e-05
TC>GT	1.363464387395652e-05	1.2888871287941583e-05	1.3938349829913933e-05
TG>AA	0.024118271930465767	0.009963757365154044	0.022594239202076098
TG>AC	1.3634643883051467e-05	1.2888871287941583e-05	1.393834983900888e-05
TG>AT	0.0060323993770005305	0.015145778357830642	0.06669358259163972
TG>CA	1.3634643883051467e-05	1.2888871287941583e-05	1.393834983900888e-05
TG>CC	1.3634643855766627e-05	1.2888871306131477e-05	1.3938349820818984e-05
TG>CT	0.030088870186595243	0.025425073956886597	0.04627075006038067
TG>GA	1.3634643855766627e-05	1.2888871306131477e-05	1.3938349820818984e-05
TG>GC	1.3634643883051467e-05	1.2888871287941583e-05	1.393834983900888e-05
TG>GT	1.3634643855766627e-05	1.2888871306131477e-05	1.3938349820818984e-05
TT>AA	1.3634643883051467e-05	1.2888871287941583e-05	1.393834983900888e-05
TT>AC	1.3634643855766627e-05	1.2888871306131477e-05	1.3938349820818984e-05
TT>AG	0.009112885334899375	0.007030436678153364	0.0029817667318661734
TT>CA	1.3634643855766627e-05	1.2888871306131477e-05	1.3938349820818984e-05
TT>CC	1.363464387395652e-05	1.2888871287941583e-05	1.3938349829913933e-05
TT>CG	1.3634643855766627e-05	1.2888871306131477e-05	1.3938349820818984e-05
TT>GA	1.363464387395652e-05	1.2888871287941583e-05	1.3938349829913933e-05
TT>GC	1.3634643855766627e-05	1.2888871306131477e-05	1.3938349820818984e-05
TT>GG	1.363464387395652e-05	1.2888871287941583e-05	1.3938349829913933e-05
