NMF_Replicate	L1	L1 %	L2	L2 %	KL Divergence	Correlation	Convergence Iterations
1	138.32	52.685	21.912	43.338	0.334	0.808	40000.0
2	136.635	54.662	20.912	44.233	0.36	0.786	20000.0
3	133.377	53.578	20.41	43.043	0.344	0.804	40000.0
4	139.869	54.288	21.406	43.553	0.352	0.8	40000.0
5	133.559	51.781	20.519	43.109	0.331	0.807	30000.0
6	131.063	53.285	20.191	43.568	0.344	0.795	50000.0
7	133.296	52.185	20.732	42.887	0.328	0.81	60000.0
8	135.535	53.653	20.545	43.058	0.347	0.806	30000.0
9	142.556	52.586	21.684	43.167	0.326	0.814	20000.0
10	136.911	54.61	21.265	43.755	0.362	0.791	50000.0
11	136.06	52.63	20.83	43.108	0.342	0.804	50000.0
12	135.082	53.532	21.093	43.345	0.358	0.796	20000.0
13	134.796	53.552	20.539	42.865	0.346	0.805	40000.0
14	137.746	54.31	21.448	44.41	0.368	0.789	30000.0
15	128.472	50.995	19.186	40.958	0.329	0.822	40000.0
16	133.527	54.057	20.412	43.65	0.366	0.789	60000.0
17	136.645	52.815	21.237	43.61	0.351	0.799	20000.0
18	134.455	52.374	20.731	42.653	0.348	0.803	30000.0
19	132.467	52.098	20.661	43.006	0.34	0.804	40000.0
20	132.02	53.285	20.599	43.702	0.354	0.792	20000.0
21	133.596	53.364	20.423	43.431	0.355	0.792	30000.0
22	134.142	52.066	20.559	43.148	0.339	0.797	50000.0
23	134.599	51.521	20.827	42.161	0.313	0.818	20000.0
24	139.012	53.119	21.23	42.982	0.332	0.808	60000.0
25	132.695	51.981	20.938	42.908	0.335	0.81	40000.0
26	132.1	50.981	20.323	42.714	0.311	0.81	20000.0
27	133.82	52.705	21.183	43.203	0.355	0.798	20000.0
28	127.294	51.35	19.54	41.853	0.33	0.81	30000.0
29	136.997	54.062	20.975	43.838	0.36	0.796	50000.0
30	132.645	51.851	20.179	42.259	0.333	0.814	20000.0
31	142.641	53.845	21.771	44.007	0.335	0.801	20000.0
32	135.172	52.89	20.717	43.055	0.342	0.798	20000.0
33	141.572	54.103	21.669	43.703	0.356	0.806	30000.0
34	136.301	51.126	20.613	42.082	0.309	0.821	40000.0
35	132.558	52.827	20.125	42.735	0.341	0.804	30000.0
36	133.164	52.198	20.706	43.275	0.333	0.808	30000.0
37	133.468	53.585	20.338	43.493	0.358	0.789	40000.0
38	133.535	52.889	20.775	43.014	0.35	0.808	30000.0
39	136.615	52.609	20.938	43.255	0.34	0.8	20000.0
40	138.401	53.834	20.967	42.985	0.338	0.802	30000.0
41	139.57	53.385	21.551	43.864	0.347	0.801	20000.0
42	134.909	51.844	20.829	42.795	0.329	0.814	20000.0
43	136.716	52.86	21.077	43.38	0.324	0.809	40000.0
44	134.317	53.75	20.911	43.779	0.351	0.795	20000.0
45	135.704	53.401	20.529	43.3	0.354	0.791	30000.0
46	138.09	54.911	21.045	44.54	0.372	0.777	20000.0
47	129.915	53.008	19.808	42.621	0.349	0.801	20000.0
48	136.227	54.266	21.045	43.568	0.362	0.799	30000.0
49	129.247	51.993	19.651	42.392	0.35	0.804	30000.0
50	134.144	53.769	20.778	43.527	0.358	0.794	30000.0
51	136.117	53.328	20.594	43.883	0.342	0.796	60000.0
52	128.654	50.078	19.424	41.031	0.318	0.814	70000.0
53	135.01	52.156	20.581	42.568	0.348	0.804	20000.0
54	134.407	53.831	20.308	43.535	0.366	0.785	50000.0
55	138.056	53.089	20.893	43.336	0.348	0.801	20000.0
56	136.949	54.46	21.244	44.003	0.373	0.792	60000.0
57	131.292	53.93	20.006	43.844	0.356	0.789	50000.0
58	134.887	53.206	20.31	42.323	0.35	0.807	40000.0
59	133.814	52.235	20.104	41.952	0.328	0.813	40000.0
60	135.942	52.092	20.842	42.624	0.331	0.811	50000.0
61	133.694	53.543	20.887	44.917	0.356	0.783	20000.0
62	135.382	51.513	20.63	42.475	0.32	0.813	40000.0
63	132.432	52.101	20.201	42.254	0.333	0.81	40000.0
64	133.727	52.972	20.616	43.3	0.352	0.793	40000.0
65	139.022	53.179	21.604	43.469	0.346	0.81	20000.0
66	135.377	51.22	21.06	42.37	0.317	0.816	40000.0
67	137.278	53.479	21.342	43.62	0.364	0.788	20000.0
68	131.228	52.731	20.426	43.103	0.342	0.8	20000.0
69	136.441	53.766	21.482	44.226	0.344	0.796	70000.0
70	130.46	53.67	19.892	42.932	0.345	0.794	20000.0
71	132.112	52.621	20.225	42.862	0.355	0.8	20000.0
72	138.197	52.724	21.501	43.707	0.334	0.8	30000.0
73	134.393	52.747	20.307	42.47	0.335	0.805	40000.0
74	133.337	52.65	20.323	43.523	0.338	0.798	30000.0
75	134.765	55.035	20.94	44.34	0.382	0.78	40000.0
76	132.207	52.868	19.915	42.166	0.352	0.804	30000.0
77	134.897	53.583	20.541	43.136	0.349	0.798	50000.0
78	133.001	49.898	20.171	41.409	0.302	0.827	30000.0
79	141.423	53.351	21.818	43.513	0.334	0.809	30000.0
80	136.191	54.964	20.463	43.292	0.36	0.797	50000.0
81	135.983	53.543	21.106	42.947	0.341	0.81	30000.0
82	134.937	52.133	20.14	42.278	0.333	0.813	20000.0
83	136.992	52.779	20.966	43.865	0.331	0.808	40000.0
84	139.076	54.261	21.391	43.582	0.349	0.801	40000.0
85	140.514	52.983	21.724	43.716	0.335	0.801	40000.0
86	135.618	52.032	20.812	43.269	0.337	0.799	60000.0
87	135.807	53.106	20.368	42.257	0.337	0.81	30000.0
88	133.652	53.395	20.061	42.912	0.354	0.803	40000.0
89	141.41	54.216	21.622	44.15	0.345	0.797	30000.0
90	132.561	52.474	20.06	42.739	0.341	0.806	20000.0
91	129.023	53.352	19.53	42.43	0.348	0.805	40000.0
92	126.721	51.512	19.618	41.993	0.338	0.803	50000.0
93	134.127	51.108	20.668	42.041	0.32	0.818	30000.0
94	135.136	52.016	20.609	41.723	0.326	0.817	20000.0
95	133.352	52.357	20.164	42.252	0.332	0.813	30000.0
96	137.869	52.038	21.113	43.781	0.314	0.803	40000.0
97	137.415	51.591	21.024	41.682	0.322	0.829	50000.0
98	134.725	52.655	20.739	43.353	0.331	0.799	40000.0
99	133.95	53.305	20.727	43.215	0.347	0.796	50000.0
100	129.439	52.517	19.746	42.208	0.352	0.805	30000.0
