NMF_Replicate	L1	L1 %	L2	L2 %	KL Divergence	Correlation	Convergence Iterations
1	159.232	59.603	23.599	47.886	0.385	0.788	60000.0
2	158.052	59.705	23.467	47.806	0.386	0.788	60000.0
3	157.248	58.349	23.524	47.611	0.371	0.787	70000.0
4	156.77	59.025	23.22	47.117	0.38	0.795	40000.0
5	156.85	59.621	23.325	47.591	0.383	0.788	60000.0
6	157.948	59.064	23.406	47.346	0.374	0.794	30000.0
7	158.437	59.858	23.533	48.075	0.387	0.784	30000.0
8	156.754	59.828	23.17	47.563	0.392	0.787	50000.0
9	156.153	59.116	23.265	47.709	0.382	0.786	50000.0
10	156.428	58.536	23.358	47.255	0.373	0.793	60000.0
11	157.215	59.389	23.503	47.698	0.386	0.788	60000.0
12	157.656	59.681	23.457	47.942	0.387	0.785	50000.0
13	157.598	59.013	23.425	47.332	0.379	0.793	120000.0
14	157.338	59.727	23.282	47.428	0.39	0.786	50000.0
15	157.155	59.251	23.384	47.448	0.378	0.791	40000.0
16	157.206	59.189	23.339	47.58	0.381	0.787	50000.0
17	157.004	59.571	23.489	47.598	0.381	0.791	60000.0
18	156.973	58.929	23.394	47.413	0.376	0.793	50000.0
19	156.393	58.541	23.596	47.467	0.374	0.793	60000.0
20	158.465	59.12	23.598	47.498	0.382	0.793	50000.0
21	156.573	58.952	23.268	47.259	0.38	0.791	60000.0
22	156.083	59.083	23.264	47.209	0.383	0.792	50000.0
23	157.153	59.047	23.441	47.372	0.377	0.792	60000.0
24	157.498	58.838	23.576	47.594	0.382	0.79	30000.0
25	157.601	58.813	23.424	47.348	0.377	0.792	120000.0
26	158.962	59.366	23.579	47.83	0.384	0.786	80000.0
27	156.335	58.84	23.215	47.281	0.375	0.793	70000.0
28	157.123	58.366	23.198	47.003	0.375	0.797	40000.0
29	158.983	59.879	23.666	47.994	0.385	0.783	60000.0
30	157.806	59.335	23.503	47.679	0.381	0.788	70000.0
31	157.219	58.922	23.517	47.257	0.375	0.792	40000.0
32	156.97	58.577	23.321	47.047	0.38	0.793	70000.0
33	156.924	59.429	23.225	47.471	0.385	0.787	60000.0
34	154.984	59.095	23.15	47.395	0.379	0.792	70000.0
35	157.012	58.635	23.286	47.304	0.376	0.791	60000.0
36	156.219	59.204	23.34	47.282	0.387	0.791	60000.0
37	158.382	59.335	23.729	47.978	0.384	0.784	90000.0
38	157.455	58.768	23.696	47.353	0.375	0.793	40000.0
39	156.634	58.868	23.246	47.417	0.374	0.79	60000.0
40	157.722	59.366	23.41	47.507	0.382	0.793	30000.0
41	159.138	59.252	23.764	47.617	0.378	0.794	30000.0
42	159.01	59.819	23.717	48.006	0.39	0.784	30000.0
43	157.789	59.565	23.469	47.741	0.385	0.788	80000.0
44	158.607	58.974	23.336	47.333	0.375	0.791	70000.0
45	156.107	58.77	23.135	47.152	0.377	0.794	50000.0
46	158.186	59.684	23.505	47.742	0.384	0.789	80000.0
47	157.723	59.405	23.579	47.774	0.387	0.787	60000.0
48	156.45	58.854	23.322	47.253	0.378	0.791	70000.0
49	156.847	59.356	23.289	47.681	0.381	0.786	50000.0
50	159.11	59.733	23.864	48.315	0.39	0.78	50000.0
51	157.962	58.824	23.469	47.355	0.378	0.793	60000.0
52	159.674	59.708	23.763	48.253	0.386	0.781	80000.0
53	157.855	58.88	23.544	47.552	0.375	0.791	50000.0
54	158.102	59.093	23.669	47.427	0.38	0.792	50000.0
55	157.642	59.847	23.386	47.625	0.387	0.788	50000.0
56	155.671	58.999	22.952	47.042	0.379	0.793	50000.0
57	155.61	58.943	23.129	47.33	0.384	0.786	60000.0
58	157.184	59.61	23.314	47.856	0.387	0.784	30000.0
59	158.681	59.457	23.784	48.268	0.379	0.784	50000.0
60	156.091	59.234	23.27	47.365	0.385	0.79	40000.0
61	157.907	59.429	23.414	47.4	0.386	0.792	50000.0
62	155.656	59.035	23.138	47.331	0.38	0.79	30000.0
63	158.508	59.542	23.691	47.834	0.384	0.787	60000.0
64	158.734	59.389	23.552	47.43	0.381	0.793	50000.0
65	156.577	59.277	23.443	47.642	0.383	0.788	60000.0
66	156.638	59.351	23.404	47.318	0.381	0.79	40000.0
67	159.078	59.657	23.651	47.655	0.387	0.788	90000.0
68	156.482	59.283	23.353	47.43	0.384	0.788	60000.0
69	155.974	59.962	23.176	47.742	0.396	0.784	70000.0
70	158.477	60.155	23.515	48.052	0.388	0.783	40000.0
71	157.558	59.486	23.472	47.594	0.382	0.788	80000.0
72	156.488	59.246	23.443	47.537	0.383	0.791	40000.0
73	156.214	59.147	23.332	47.54	0.379	0.792	100000.0
74	156.488	59.914	23.176	47.643	0.387	0.783	50000.0
75	157.223	59.349	23.326	47.729	0.386	0.785	60000.0
76	155.778	58.626	23.252	47.201	0.381	0.791	110000.0
77	158.919	59.69	23.667	47.832	0.387	0.79	60000.0
78	156.953	59.086	23.149	47.158	0.382	0.792	30000.0
79	157.247	59.133	23.194	47.269	0.379	0.791	40000.0
80	156.726	58.395	23.339	46.968	0.377	0.794	100000.0
81	156.028	58.846	22.93	46.881	0.378	0.794	40000.0
82	158.109	59.896	23.535	47.841	0.386	0.786	60000.0
83	158.905	59.624	23.954	48.025	0.385	0.789	70000.0
84	157.727	58.879	23.471	47.309	0.375	0.792	50000.0
85	157.313	58.896	23.517	47.359	0.378	0.792	40000.0
86	158.105	59.35	23.541	47.588	0.382	0.789	70000.0
87	156.48	58.478	23.428	47.059	0.374	0.795	80000.0
88	154.781	58.893	23.151	47.139	0.383	0.793	50000.0
89	157.385	59.21	23.409	47.474	0.379	0.791	50000.0
90	157.506	59.442	23.461	47.571	0.382	0.788	70000.0
91	155.361	58.46	23.107	47.14	0.373	0.792	50000.0
92	156.456	59.222	22.946	47.06	0.378	0.795	50000.0
93	158.553	58.927	23.52	47.577	0.38	0.788	70000.0
94	155.466	59.093	23.05	47.377	0.38	0.789	40000.0
95	157.531	59.468	23.481	47.6	0.386	0.787	80000.0
96	157.411	59.229	23.456	47.482	0.383	0.789	70000.0
97	154.512	58.184	22.904	46.497	0.374	0.8	40000.0
98	155.791	58.814	23.281	47.421	0.38	0.792	40000.0
99	158.441	59.842	23.499	47.7	0.388	0.789	40000.0
100	157.559	59.712	23.392	47.792	0.383	0.784	40000.0
