MutationType	DBS78A	DBS78B	DBS78C	DBS78D	DBS78E
AC>CA	1.38E-06	2.19E-06	1.87E-06	2.19E-06	1.38E-06
AC>CG	1.38E-06	2.19E-06	1.87E-06	2.19E-06	1.38E-06
AC>CT	1.38E-06	2.19E-06	1.87E-06	2.19E-06	1.38E-06
AC>GA	1.38E-06	2.19E-06	1.87E-06	2.19E-06	1.38E-06
AC>GG	1.38E-06	2.19E-06	1.87E-06	2.19E-06	1.38E-06
AC>GT	1.38E-06	2.19E-06	1.87E-06	2.19E-06	1.38E-06
AC>TA	1.38E-06	2.19E-06	1.87E-06	2.19E-06	1.38E-06
AC>TG	3.40E-03	1.66E-03	6.53E-03	4.66E-03	3.38E-02
AC>TT	1.38E-06	2.19E-06	1.87E-06	2.19E-06	1.38E-06
AT>CA	1.38E-06	2.19E-06	1.87E-06	2.19E-06	1.38E-06
AT>CC	1.38E-06	2.19E-06	1.87E-06	2.19E-06	1.38E-06
AT>CG	1.38E-06	2.19E-06	1.87E-06	2.19E-06	1.38E-06
AT>GA	1.38E-06	2.19E-06	1.87E-06	2.19E-06	1.38E-06
AT>GC	1.38E-06	2.19E-06	1.87E-06	2.19E-06	1.38E-06
AT>TA	1.38E-06	2.19E-06	1.87E-06	2.19E-06	1.38E-06
CC>AA	2.99E-03	1.86E-02	8.89E-03	1.34E-02	1.27E-02
CC>AG	1.38E-06	2.19E-06	1.87E-06	2.19E-06	1.38E-06
CC>AT	1.38E-06	2.19E-06	1.87E-06	2.19E-06	1.38E-06
CC>GA	1.38E-06	2.19E-06	1.87E-06	2.19E-06	1.38E-06
CC>GG	1.38E-06	2.19E-06	1.87E-06	2.19E-06	1.38E-06
CC>GT	5.20E-03	1.28E-02	3.43E-02	3.52E-03	1.02E-02
CC>TA	1.38E-06	2.19E-06	1.87E-06	2.19E-06	1.38E-06
CC>TG	1.38E-06	2.19E-06	1.87E-06	2.19E-06	1.38E-06
CC>TT	1.38E-06	2.19E-06	1.87E-06	2.19E-06	1.38E-06
CG>AT	1.38E-06	2.19E-06	1.87E-06	2.19E-06	1.38E-06
CG>GC	1.38E-06	2.19E-06	1.87E-06	2.19E-06	1.38E-06
CG>GT	1.38E-06	2.19E-06	1.87E-06	2.19E-06	1.38E-06
CG>TA	1.38E-06	2.19E-06	1.87E-06	2.19E-06	1.38E-06
CG>TC	1.38E-06	2.19E-06	1.87E-06	2.19E-06	1.38E-06
CG>TT	1.38E-06	2.19E-06	1.87E-06	2.19E-06	1.38E-06
CT>AA	1.38E-06	2.19E-06	1.87E-06	2.19E-06	1.38E-06
CT>AC	1.38E-06	2.19E-06	1.87E-06	2.19E-06	1.38E-06
CT>AG	1.38E-06	2.19E-06	1.87E-06	2.19E-06	1.38E-06
CT>GA	1.38E-06	2.19E-06	1.87E-06	2.19E-06	1.38E-06
CT>GC	1.38E-06	2.19E-06	1.87E-06	2.19E-06	1.38E-06
CT>GG	1.66E-03	5.94E-03	3.26E-02	9.56E-03	8.25E-03
CT>TA	3.44E-03	4.31E-03	9.31E-03	4.39E-02	1.88E-02
CT>TC	4.41E-03	1.26E-02	1.76E-02	4.16E-02	2.81E-02
CT>TG	1.38E-06	2.19E-06	1.87E-06	2.19E-06	1.38E-06
GC>AA	8.69E-03	4.34E-03	6.65E-03	1.86E-02	9.92E-03
GC>AG	1.38E-06	2.19E-06	1.87E-06	2.19E-06	1.38E-06
GC>AT	1.38E-06	2.19E-06	1.87E-06	2.19E-06	1.38E-06
GC>CA	1.38E-06	2.19E-06	1.87E-06	2.19E-06	1.38E-06
GC>CG	1.38E-06	2.19E-06	1.87E-06	2.19E-06	1.38E-06
GC>TA	1.38E-06	2.19E-06	1.87E-06	2.19E-06	1.38E-06
TA>AT	1.38E-06	2.19E-06	1.87E-06	2.19E-06	1.38E-06
TA>CG	1.38E-06	2.19E-06	1.87E-06	2.19E-06	1.38E-06
TA>CT	1.38E-06	2.19E-06	1.87E-06	2.19E-06	1.38E-06
TA>GC	1.38E-06	2.19E-06	1.87E-06	2.19E-06	1.38E-06
TA>GG	1.38E-06	2.19E-06	1.87E-06	2.19E-06	1.38E-06
TA>GT	1.38E-06	2.19E-06	1.87E-06	2.19E-06	1.38E-06
TC>AA	1.38E-06	2.19E-06	1.87E-06	2.19E-06	1.38E-06
TC>AG	1.38E-06	2.19E-06	1.87E-06	2.19E-06	1.38E-06
TC>AT	1.38E-06	2.19E-06	1.87E-06	2.19E-06	1.38E-06
TC>CA	1.38E-06	2.19E-06	1.87E-06	2.19E-06	1.38E-06
TC>CG	1.38E-06	2.19E-06	1.87E-06	2.19E-06	1.38E-06
TC>CT	1.38E-06	2.19E-06	1.87E-06	2.19E-06	1.38E-06
TC>GA	1.38E-06	2.19E-06	1.87E-06	2.19E-06	1.38E-06
TC>GG	1.38E-06	2.19E-06	1.87E-06	2.19E-06	1.38E-06
TC>GT	1.38E-06	2.19E-06	1.87E-06	2.19E-06	1.38E-06
TG>AA	1.38E-06	2.19E-06	1.87E-06	2.19E-06	1.38E-06
TG>AC	1.38E-06	2.19E-06	1.87E-06	2.19E-06	1.38E-06
TG>AT	1.38E-06	2.19E-06	1.87E-06	2.19E-06	1.38E-06
TG>CA	1.38E-06	2.19E-06	1.87E-06	2.19E-06	1.38E-06
TG>CC	1.38E-06	2.19E-06	1.87E-06	2.19E-06	1.38E-06
TG>CT	1.38E-06	2.19E-06	1.87E-06	2.19E-06	1.38E-06
TG>GA	1.38E-06	2.19E-06	1.87E-06	2.19E-06	1.38E-06
TG>GC	1.38E-06	2.19E-06	1.87E-06	2.19E-06	1.38E-06
TG>GT	1.38E-06	2.19E-06	1.87E-06	2.19E-06	1.38E-06
TT>AA	1.38E-06	2.19E-06	1.87E-06	2.19E-06	1.38E-06
TT>AC	1.38E-06	2.19E-06	1.87E-06	2.19E-06	1.38E-06
TT>AG	1.38E-06	2.19E-06	1.87E-06	2.19E-06	1.38E-06
TT>CA	1.38E-06	2.19E-06	1.87E-06	2.19E-06	1.38E-06
TT>CC	1.38E-06	2.19E-06	1.87E-06	2.19E-06	1.38E-06
TT>CG	1.38E-06	2.19E-06	1.87E-06	2.19E-06	1.38E-06
TT>GA	1.38E-06	2.19E-06	1.87E-06	2.19E-06	1.38E-06
TT>GC	1.38E-06	2.19E-06	1.87E-06	2.19E-06	1.38E-06
TT>GG	1.38E-06	2.19E-06	1.87E-06	2.19E-06	1.38E-06
