MutationType	SBS96A	SBS96B	SBS96C	SBS96D	SBS96E	SBS96F	SBS96G	SBS96H	SBS96I	SBS96J
A[C>A]A	0.03689419745001942	0.023155100035623946	0.02772236833941861	0.01159823787631467	0.011433876225361246	0.020323316333815455	0.01535956301726401	0.016436684768852388	0.021604491847320544	0.03248080955818296
A[C>A]C	0.021515423904638738	0.029293189610471018	0.03990044904872775	0.017518972121179102	0.02224189676884862	0.02740850804373622	0.03176029651425779	0.011798890089689706	0.019780874105270102	0.028730367727403065
A[C>A]G	0.019270043338183315	0.021077295585932916	0.024379067346453665	0.005145197047386319	0.014659998308566173	0.004989237659028731	0.014562109767139658	0.010903660248664834	0.014675897231791168	0.017206514507997782
A[C>A]T	0.027445100559853018	0.024904335306491703	0.02481043202104047	0.008922416444402188	0.009462930397435797	0.009967180090607144	0.023021067830646728	0.007170638230357795	0.01311093423748389	0.00985900674345224
A[C>G]A	0.0034660378800370497	0.004633887315519836	0.004057774950118187	0.002006116616539657	0.008648511110633361	0.005104643399046847	0.004121134155556944	0.010955150546168113	0.006132948175267217	0.009115022225958143
A[C>G]C	0.005066726960864969	0.0034280295640653513	0.0036996615473485405	0.0	0.0017607310803264653	6.01365794858566e-05	0.003824981228530646	0.0016555843417256355	0.008379279450416562	0.0010135376661489204
A[C>G]G	0.0037532234817150823	0.004169419313806628	0.0014453443703875113	0.004392304191715084	0.003875705388143871	0.0015276758952160918	0.0033373331110084403	0.0021658204316635475	0.0043629954485635385	0.0027338546339962023
A[C>G]T	0.0029606376207182094	0.00509893134428097	0.003922228757940332	0.0	0.005830343072783819	0.0044378968225105096	0.005279193126673434	0.00568187261503013	0.003535160266370951	0.00691606627548083
A[C>T]A	0.007232909484446282	0.010018690277099722	0.009368082113935259	0.008840396087616682	0.00886649812182398	0.003950870505675539	0.003464382558535846	0.024064355730370152	0.00257156220344001	0.01175312856901428
A[C>T]C	0.0030796494857388266	0.01631591382862837	0.005791483259876059	0.003198106000199914	0.01089806019310572	0.00793680890725227	0.003319883897333682	0.011266571780735663	0.01013804141918527	0.014921135450333623
A[C>T]G	0.004818037926452234	0.002473485837558087	0.0030975504575508237	0.003979580769082531	0.012271042591174819	0.012990345810540021	0.005645972789696713	0.03765279361349826	0.018536675956151497	0.015733776315595662
A[C>T]T	0.0026050181653957606	0.0026698842972340485	0.003092989393416161	0.0030637423769803718	0.006948346860544348	0.004833197343366819	0.005378414353427705	0.010936732872921929	0.00561924560275088	0.002751185161910001
A[T>A]A	0.005920101843930752	0.005163563144485579	0.005764862808801752	0.004367446483611275	0.0032410431254655237	0.005605149859911762	0.0016930857477095351	0.000379731238916996	0.004015814856304871	0.0012876554550425824
A[T>A]C	0.0034653043946391905	0.0032778970556628906	0.0012306421204000984	0.0010398307139985264	0.005378978127901846	0.0009947305764307225	0.005241277548031604	0.012836976001712231	0.010367585620693945	0.004065049354441328
A[T>A]G	0.005771356237819419	0.005246753647639082	0.0052726836699798696	0.005097497476963326	0.008849774281294173	0.007695640595629811	0.008096400491801888	0.013202534431500794	0.006371371239656583	0.011389079250423323
A[T>A]T	0.0036560237021263475	0.001997503439964916	0.003986831384178515	0.003996563005493954	0.0028909005018380187	0.00333127587595925	0.003083015779015845	0.0011330660879326614	0.005314867332181592	0.0020423041735967828
A[T>C]A	0.002896393627679572	0.007677119568940611	0.004504688513247573	0.005399893157882616	0.008869133130402673	0.007136286857130472	0.007924680711582753	0.010091028055439679	0.010018747705798319	0.009093680151953833
A[T>C]C	0.0011624146603494622	0.0025287748228817364	0.0001446794358984249	0.0010433659801492468	0.005407843175588312	0.00014023129237447307	0.003102218342520402	0.006762266558934585	0.006292293260939843	0.002950240196762337
A[T>C]G	0.003999279501778403	0.006072374284485704	0.006497031070671256	0.008552416937891393	0.005239158582107848	0.007574183126562275	0.008387754370128278	0.02650142388649428	0.008817065777453763	0.0038001043524678833
A[T>C]T	0.0017666723922506477	0.005634176720500364	0.0016442565481811044	0.004770838585100137	0.00919286864495625	0.0038105785900693157	0.005211947630801923	0.012016259370903554	0.001324632614830037	0.009466934098677911
A[T>G]A	0.0009909249731808246	0.0003324393322909813	0.0005738781510082092	0.0010081145211704979	0.0007624741140200441	7.430129635110916e-08	0.0005392631595751141	0.0004253699421784063	0.00048215577036529565	0.0005685830674181602
A[T>G]C	7.393820523596162e-05	0.0005161590839681197	0.00010647493416835463	0.005635702580912038	0.000692259414524301	0.0013593154351852377	0.0007471209286989833	0.001207062344833183	0.0016247545002168096	0.0013139311764595618
A[T>G]G	0.003136493086430221	0.002786662352432785	0.001088982965043357	0.000987144976388663	0.002308566714264941	0.002872401251188208	0.001849816226002332	0.0038560638992078465	0.004652424748467183	0.003478345741596627
A[T>G]T	0.0006175375861900517	0.0011021946736222788	6.419614262540563e-06	0.015553168104961514	0.00029675686889127915	0.0014739959960241578	0.00021419188534534505	0.0008492528047306003	0.0005197197215875282	0.0014451868166541005
C[C>A]A	0.060187551211565736	0.07525185257196426	0.047589775267988445	0.022280673272907735	0.034692334605323935	0.03708803388290107	0.05567166041582823	0.02108990484232777	0.05806123536080122	0.0498179608117789
C[C>A]C	0.07637041298672557	0.06701111726462841	0.06261559741571546	0.027458887938410045	0.04413138361182064	0.0338050090521574	0.06119407859453418	0.007472751638596833	0.06800582710653544	0.03887122465763241
C[C>A]G	0.019835479740286245	0.013978463267267215	0.025267416941933334	0.011302593228174373	0.044644593010091285	0.019981988831423225	0.03451125856488943	0.023720509676873006	0.02201939071878234	0.034239240784663706
C[C>A]T	0.0633061377890408	0.030427237835738197	0.08541780021041631	0.011569262989796698	0.021451724694879673	0.02647416705614887	0.05866196229588241	0.005249116129810716	0.0417889917728462	0.02902793572747214
C[C>G]A	0.005017749959214877	0.008145567595568082	0.003854933951806743	0.004336860197363421	0.014109669024321363	0.00691477901651524	0.004657367188431145	0.02087677139061853	0.009675526370071595	0.014264336034232201
C[C>G]C	0.007407650563400239	0.005169076903519283	0.015336724247317761	0.0021203115314710887	0.009182382023933258	0.006891217891352497	0.011014850241841874	0.006583636661277552	0.002907386648016157	0.0027399163105081923
C[C>G]G	0.0038536406571876114	0.004206641123104404	0.004612123182425094	0.004590311221545562	0.00483403973673532	0.003911701361289168	0.0037757229168896168	0.003590443055618984	0.001841680887874051	0.005089953578915782
C[C>G]T	0.005970727763761374	0.009535380346261491	0.007251034826385876	0.0009987205087963957	0.004812090477590693	0.007711692574621338	0.00453497077508743	0.004553075439511964	0.007255838200572668	0.003510978459396221
C[C>T]A	0.02377607550472021	0.022795799034647644	0.010366626724752739	0.015832310705445708	0.012146132378906032	0.023061112897121348	0.01810810203664005	0.03273805165638805	0.024399783855769783	0.02355060084024444
C[C>T]C	0.011854116814065492	0.022574404861843506	0.007034963404221344	0.007560160377761349	0.009829678281248562	0.018512149145826697	0.0081494503907059	0.01921219636838714	0.032482617508794644	0.013166277598474494
C[C>T]G	0.009012352307655395	0.007688704176771353	0.002586390950689008	0.004362113034585491	0.011460267077645341	0.01880646188277751	0.01468936413897154	0.033001355704618617	0.027528655022615568	0.009683769186570147
C[C>T]T	0.011629513872414919	0.014001270436230584	0.017400131775066257	0.019056095201522114	0.01997412623798482	0.012600718210451304	0.010469216996960427	0.016218201286661724	0.009569708183698821	0.014538539064137695
C[T>A]A	0.006073029730468988	0.0050700750732482905	0.007478355847793523	0.002900552182109095	0.005780956140811782	0.009286402163963885	0.0038615530065458613	0.009153993486881973	0.004085895732599027	0.006543650654326356
C[T>A]C	0.00512241844618984	0.005722336355956656	0.010874831305895895	0.01065349136479199	0.00922256911659872	0.01015857822363614	0.00806993725844876	0.011966466047102102	0.012468722732804735	0.010839767359845496
C[T>A]G	0.022669635450001807	0.027071704008403686	0.037661814922466876	0.01973143610171974	0.02369659239753673	0.017153839806560427	0.0318756955571007	0.01556514238080851	0.026151503947330637	0.01683386625139974
C[T>A]T	0.010447075249670092	0.013018618594308862	0.006272444176587229	0.017978989873081445	0.005122532127095889	0.0064829186099814255	0.0019285154640543212	0.007906905471185723	0.0020788024477687373	0.013425538202251347
C[T>C]A	0.002375604898843449	0.0036443198456812807	0.006006307966270014	0.007412515630712733	0.0035289890410692237	0.005673933333511912	0.005562512766482794	0.004135415720654123	0.004947673144072197	0.006176974494967667
C[T>C]C	0.00422668576898701	0.0037587487134105755	0.0020415232960040355	0.02516824464313686	0.006889677172618747	0.006554318931885064	0.00590569365581814	0.0056307798304562695	0.0016659678961116952	0.0014286368698769535
C[T>C]G	0.008438073855359107	0.009463857390879866	0.010760522050550208	0.013216604352928698	0.011642421077558538	0.012591455038636923	0.003373515408283936	0.016702458455979466	0.006633127136475991	0.005529607628681106
C[T>C]T	0.0034351022318487878	0.0065010978337767256	0.0025029510965331524	0.03256892755627632	0.006931196682278648	6.931167697530328e-05	0.0021636182948337533	0.012637640865222153	0.001250770598506783	0.004870343145919804
C[T>G]A	0.0011273607666639762	0.0004762573801172376	0.0010579965386640743	2.017341529381156e-09	0.0011810486017678557	6.11262791139211e-08	0.0013949765051621198	0.0005753780136187991	0.0003046134225461472	0.000650752007050066
C[T>G]C	0.0009831995140087456	0.0008070477805040533	6.879450902605555e-05	0.01126913278363645	0.0013441593710858157	0.001476391108101991	0.00021694104682664416	0.0075796691761556186	0.00035459318369920114	0.0007858775452542943
C[T>G]G	0.002596491601032227	0.005409438040461509	0.0061102939876621675	0.005398272111779079	0.008149287238240958	0.0	0.007068984629648866	0.0039455259554798516	0.004894343208202283	0.006111419795364412
C[T>G]T	0.0008996213953203381	0.001189653184069499	0.00011149941979979872	0.07016544006764888	0.0014794505575774863	0.003120600687956312	0.000211676914185448	0.0033781128290370434	0.00019775936445434183	0.0016373993735905401
G[C>A]A	0.037750410297885534	0.024847347975584598	0.03276934667490423	0.013407787126488983	0.02249558426950898	0.018100155054125936	0.02564203101210296	0.009890503708033975	0.03402674966491759	0.015276509255636483
G[C>A]C	0.035620903884992006	0.03223159170103486	0.047357992380857465	0.024969714405015112	0.02628095276209933	0.013375619253084973	0.03694012591615319	0.032225828315472424	0.025562469931319356	0.03068343510676641
G[C>A]G	0.01689270888804458	0.017851834690663964	0.019830197775375213	0.011170639251358807	0.02443336172797615	0.023885543160140514	0.01065938749583438	0.01628349802815137	0.0345240764785558	0.034226373640703966
G[C>A]T	0.020129307188326492	0.03362446554005146	0.027866016263142227	0.014594436748884618	0.029318778788649524	0.008963440187508241	0.03311431299138348	0.012528659720525468	0.009621792429624066	0.012622963220539987
G[C>G]A	0.004706522005689493	0.0013019950853777119	0.009209087282540622	0.0042065211432054635	0.004242545692497685	0.005948418767657131	0.005648109050988168	0.003187730493457721	0.007431582971887138	0.007018412445918614
G[C>G]C	0.0063245533447855	0.00883821581657486	0.012868849970400333	0.0031681460804247764	0.0070145363072839475	0.0015657276966875955	0.01011236226069741	0.006799650024436801	0.004864360319648959	0.0039059234636784623
G[C>G]G	0.0019651505372885935	0.007412989119043587	0.008667576237503454	0.0034740838641300798	0.003628310735676692	0.0012476694434143142	0.0102653509737047	0.005405893770297183	0.009845900202068663	0.002416665135070275
G[C>G]T	0.006478774180140476	0.008132945747828444	0.004805564197981909	0.0049824331572744995	0.005859301694077317	0.006636237070197239	0.0026878730450895817	0.005276542174907528	0.001659391537115411	0.006766921446647416
G[C>T]A	0.006159981024138688	0.004893024909106316	0.006881145953084342	0.005709806892555207	0.015976204529560504	0.021965166833251715	0.009655222736574131	0.013992646005248445	0.010644626089488156	0.009206599859205937
G[C>T]C	0.007200603256933391	0.008146356924480642	0.012619131274987013	0.007834310227772222	0.01000440076796565	0.015904861588496716	0.012113191733731129	0.005689245299585508	0.008914467848944696	0.004355357182608941
G[C>T]G	0.00400246037292618	0.008922681453949508	0.009704500288062263	0.00331050662585767	0.02425973026729338	0.025488693974912168	0.01319029816891998	0.021639354980352438	0.015672072570519047	0.02795923656459479
G[C>T]T	0.007713547702733195	0.007289322621588319	0.0068555418276810085	0.001982725611596834	0.015114797013768423	0.014128974191844463	0.009789686307268966	0.0224036649636588	0.00845124042836204	0.010871645932276693
G[T>A]A	0.006225669974983816	0.005224723980943651	0.0053972413410092205	0.008385850678896531	0.012425752628292912	0.0004771960813559417	0.006737968733812636	0.006300119604922507	0.005698407702832924	0.0038898224224567456
G[T>A]C	0.001541789522522663	0.00678869745094687	0.002287509995284438	0.0030580040614586325	0.00447739219007282	0.0031484888207879004	0.008956227057290534	0.004413200723141699	0.00568103179455246	0.0028239518409957664
G[T>A]G	0.007829340177187873	0.009442237514937802	0.0074153081758106506	0.00413078986806795	0.0130204864746878	0.004162770890397951	0.007607007134327262	0.016575335819892276	0.002323271122179591	0.015011493557880727
G[T>A]T	0.008240794742014258	0.005175623690891058	0.0023267578564067294	0.0035231116821523756	0.0023534272714012517	2.8852163044845726e-05	0.0020419442137260546	0.0014262716893746585	0.0039864644373412885	0.0021686671822317293
G[T>C]A	0.0026502173904071925	0.009257276680711754	0.004891643659633473	0.005584463890409097	0.00369141139593097	0.004638865854940377	0.0035389178715675485	0.017506491552445026	0.0038969040006506363	0.010659810136780834
G[T>C]C	0.0034441944029384077	0.0025028608317618152	0.0009154245033018782	0.003410424859030172	0.005174946131784566	8.15757639040271e-05	0.0022589165855175252	0.014491285721251189	0.005208120690581239	0.003056121326886725
G[T>C]G	0.004004864270458173	0.006733501094499577	0.0030246030436609315	0.004526926297694444	0.008489530913397854	0.0037217129053036045	0.005758647575285494	0.011461850488255933	0.0027845528067034307	0.006002609483130499
G[T>C]T	0.0015301340627862814	0.0027944926310580344	0.0031578753941836624	0.004350973238369988	0.006622273754465624	0.00156589134597791	0.0017956915575434173	0.0056436174943954144	0.0023571133574943203	0.0031472260540173556
G[T>G]A	0.001394385514734715	0.0008898582637968744	0.000320142799567833	2.7505994637522237e-09	0.0002631916197267969	9.689964421230712e-05	0.0004969240219545412	0.0006403934211490947	0.0024989053282092753	0.002080852747496351
G[T>G]C	0.00028780342470417607	0.00022126302174540146	0.0017503843891281967	0.0021810510370414704	0.0015383306079727176	0.00010950585549979408	0.0023544053311484346	0.0010180846830010637	0.0005842834343713221	0.0018625909094589232
G[T>G]G	0.001160202665915655	0.0004209880545543854	0.004745110867048084	0.002325662071816623	0.0022903547092714403	0.0027682416001177045	0.0031087460203477234	0.002131978712528202	0.0006416551003131588	0.0005443609636134283
G[T>G]T	0.00016261382836347594	0.0009704072530966812	0.0025643102335495627	0.016170633514411746	0.0005748615602183716	8.891143110645316e-10	0.0020948618278802656	0.0014716581986128573	0.001691101419532135	0.00272712702276408
T[C>A]A	0.045495732575654986	0.035522531361784786	0.03548526322003454	0.019798553772270678	0.011128267590277687	0.019859574227593838	0.03357811534777284	0.015103151855997225	0.024633795337285845	0.014566794100101105
T[C>A]C	0.06153446611016989	0.05265084809623659	0.04469352528452873	0.021953669227659702	0.025786477702167757	0.02661018689512275	0.040583256948739294	0.02856725767033822	0.04749588750302792	0.06090758930891752
T[C>A]G	0.008221418736354735	0.010508481749566272	0.012622431973577477	0.002193378278752789	0.010073086949652747	0.010878907110309229	0.014862497533437135	0.0075252344243763505	0.005419049430166076	0.006603252571748186
T[C>A]T	0.037335730399936436	0.023471425897441806	0.03783689761534333	0.013768249342683702	0.0356345103494823	0.02737968325614929	0.03707620579749346	0.012708180530843407	0.030408414567570832	0.026205707975896074
T[C>G]A	0.011956364365131407	0.0068709867514184	0.004076417128380853	0.0048880018852651115	0.007345445962965016	0.05315390795469284	0.0038062414825002122	0.0033717709669788577	0.010594278123961942	0.009132072664064026
T[C>G]C	0.0077801918721525	0.014600075738562736	0.005709001384748263	0.004151773056946695	0.010991734447046184	0.018202328227926046	0.008476261120382982	0.006975372020667194	0.00558167688435546	0.013867320741533433
T[C>G]G	0.0025167389472230363	0.0051914850335404595	0.0012626527279664046	4.324899549601469e-11	0.003766476821990352	6.563147298234818e-05	0.0057116863909124045	0.004067066898480647	0.0029058721453101553	0.002255431097634748
T[C>G]T	0.01690620679873973	0.009866668924566682	0.006333545962793039	0.004546097067650408	0.020805827175005332	0.045515289725735784	0.012015950943928716	0.01693802472756886	0.014371097158873454	0.00852848566159821
T[C>T]A	0.018352878229925408	0.014100560576787302	0.004961021351700765	0.08345901038497687	0.028264651395315924	0.07247542444616556	0.022172665789257737	0.018471132867275628	0.015356202337425202	0.031138709865044804
T[C>T]C	0.012035684519892705	0.014593532562721521	0.006046339678723598	0.035254013705998656	0.024648955098818988	0.030636831801384688	0.01477769473916851	0.02239470473838537	0.02234552545007318	0.016055138784968222
T[C>T]G	0.004870055051942473	0.006951657370664179	0.005344292880472494	0.00842067606979981	0.019214066059663252	0.017657747617922725	0.011332978678983635	0.03215534927169756	0.0075455347102615635	0.015025333392894424
T[C>T]T	0.016164712109602988	0.005590781612827413	0.014316054305527359	0.06018376532942057	0.02545626469190495	0.04704679388552904	0.015793434304650873	0.014119646117663934	0.008483770117316568	0.018918104624171973
T[T>A]A	0.0023641128959016556	0.004312456112326117	0.0011258970310885053	0.0030680015648249536	0.0030561930644661573	0.001654935261232744	0.002638867957094533	0.004946221703556972	0.0036858729584520232	0.005943701957391454
T[T>A]C	0.003215517155913403	0.004103380108693955	0.002403001892326131	0.0064776993624400345	0.004235245085914414	0.006349822344491258	0.005209589744830225	0.002566793911722627	0.0036648871189512277	0.00419031051951265
T[T>A]G	0.0070532744546653705	0.009626543948794506	0.0015042667966321942	0.006228360511595383	0.010853844830140815	0.0019758234476264214	0.004630897909929743	0.011483526057511427	0.009114456090426302	0.005527405876993967
T[T>A]T	0.0031542075648189893	0.002359047430341832	0.0031171256132001444	0.006789436265826225	0.0009491453403834882	2.218966535190603e-05	0.004561397238670892	0.0031677724491090942	0.006738868446350494	0.0033399810342179138
T[T>C]A	0.002246376810490176	0.00424705945892768	0.0026871890618991754	0.005010785475606099	0.004026659825509569	0.00019109966234525543	0.0053658013694366955	0.004518680113823237	0.0037965634206631196	0.0035207915704184244
T[T>C]C	0.0020168298700622245	0.0010209007428321115	0.0005655107850299412	0.007695489036850631	0.008059414500467347	0.00018845847051477627	0.0021166153270267786	0.0064714214236140325	0.0013069860537576262	0.004599077209966254
T[T>C]G	0.0016426618479367504	0.0010186106603001122	0.007358126213498508	0.007242460639681667	0.0026611133854253666	0.004467860593340447	0.00247886769535107	0.0016444558040819856	0.003321976926157859	0.0018057947976971
T[T>C]T	0.0019256055590172315	0.0039007833237430134	0.0003021961973319076	0.004643417186161969	0.002144455911765437	0.00013963938888114313	0.0016888735720926717	0.006438348195807037	0.0012257716204397574	0.004413365169686854
T[T>G]A	3.176071314999973e-05	0.0001589628911417762	3.73699117990256e-05	0.003405872388975695	0.00127241855238573	0.001964224864273447	0.00029702989683787705	0.00013002574997443615	0.00037113390168759254	0.0003951052138842215
T[T>G]C	0.0005313402919587417	0.0018472855387571484	0.00032274806901400944	0.006568062719888985	0.0008637739440170478	0.00010614043723544242	0.0005981259073568168	0.0003597868207388899	0.000917947241910042	0.0019741037753294765
T[T>G]G	0.0009804286562679464	0.000573324281000307	0.0011067711499033095	0.005167569076875224	0.0023805224839043506	0.00015167788121048798	0.000730768901867318	0.003324728803761019	0.002044528084507018	0.0026960506647935745
T[T>G]T	7.161964229111639e-05	0.000505458432253647	0.00016137738521043054	0.04857769336551428	0.0005660004990036782	0.0014447865386287618	0.0006912176303147	0.0007145435779985121	0.0012794044580368613	0.0016556343715748768
