NMF_Replicate	L1	L1 %	L2	L2 %	KL Divergence	Correlation	Convergence Iterations
1	4.966	83.771	1.879	52.547	1.017	0.767	20000.0
2	5.407	88.723	2.044	54.196	1.021	0.76	30000.0
3	5.163	88.796	1.925	54.733	1.079	0.748	20000.0
4	5.403	86.908	2.038	54.856	0.994	0.747	20000.0
5	5.282	89.349	1.988	54.475	1.01	0.768	30000.0
6	5.591	91.951	2.04	56.311	1.108	0.74	20000.0
7	5.093	88.036	2.01	55.003	0.992	0.76	20000.0
8	5.341	88.905	2.017	55.331	0.971	0.762	40000.0
9	5.147	86.317	1.913	52.302	1.008	0.772	40000.0
10	5.475	90.5	2.053	55.14	1.059	0.745	30000.0
11	5.128	88.403	1.977	54.89	1.063	0.733	30000.0
12	5.793	102.919	2.3	62.976	1.185	0.693	40000.0
13	5.355	90.3	2.023	54.645	1.064	0.735	40000.0
14	4.925	83.933	1.892	51.635	0.967	0.763	60000.0
15	5.09	86.235	1.957	52.493	1.002	0.777	20000.0
16	5.111	87.361	1.96	53.899	1.092	0.741	30000.0
17	5.349	88.672	2.066	55.549	1.021	0.746	50000.0
18	5.135	89.914	1.991	57.362	1.063	0.746	40000.0
19	4.807	83.737	1.912	52.96	1.021	0.747	30000.0
20	4.89	84.658	1.878	52.251	0.999	0.756	20000.0
21	5.18	87.993	1.976	55.252	1.036	0.76	20000.0
22	5.372	91.971	2.075	57.668	1.066	0.748	30000.0
23	5.698	97.621	2.167	60.153	1.114	0.722	40000.0
24	5.446	88.716	2.086	54.773	1.009	0.766	20000.0
25	4.901	82.071	1.843	51.445	0.971	0.78	20000.0
26	4.768	81.825	1.759	50.259	0.996	0.754	20000.0
27	5.044	87.506	1.888	53.56	0.999	0.759	30000.0
28	4.661	82.481	1.809	50.809	0.973	0.768	30000.0
29	4.765	79.584	1.812	49.438	0.968	0.753	30000.0
30	5.559	91.779	2.081	56.042	1.059	0.738	30000.0
31	5.127	86.753	1.967	53.641	1.011	0.759	30000.0
32	5.541	93.528	2.047	57.499	1.128	0.728	30000.0
33	5.673	94.507	2.112	58.105	1.1	0.73	30000.0
34	5.386	90.626	2.062	56.858	1.047	0.753	40000.0
35	5.208	87.217	1.961	54.089	1.017	0.754	20000.0
36	5.859	103.344	2.305	64.23	1.156	0.698	40000.0
37	5.555	97.252	2.138	59.894	1.1	0.723	40000.0
38	5.121	86.48	1.916	52.843	1.056	0.755	20000.0
39	4.781	83.569	1.807	51.182	1.002	0.77	30000.0
40	4.862	80.507	1.826	49.865	0.988	0.775	40000.0
41	5.411	92.848	2.09	58.482	1.069	0.738	20000.0
42	5.206	89.452	1.974	55.172	1.065	0.748	30000.0
43	5.418	94.889	2.07	58.283	1.116	0.732	20000.0
44	5.165	84.561	1.908	51.587	0.982	0.775	30000.0
45	5.372	93.23	2.048	56.503	1.057	0.736	20000.0
46	5.027	84.708	1.931	53.334	1.014	0.76	30000.0
47	4.872	82.617	1.873	50.841	0.981	0.766	30000.0
48	4.896	84.307	1.841	51.794	1.032	0.75	30000.0
49	4.925	84.611	1.886	51.676	1.01	0.76	30000.0
50	5.645	97.226	2.176	60.066	1.067	0.731	30000.0
51	4.856	83.412	1.826	51.724	1.003	0.748	20000.0
52	4.818	81.966	1.846	51.667	0.939	0.779	30000.0
53	5.099	87.757	1.964	54.371	1.045	0.755	20000.0
54	5.804	98.621	2.259	60.665	1.097	0.734	20000.0
55	5.585	95.001	2.183	58.102	1.069	0.741	40000.0
56	5.299	85.468	1.968	53.354	1.027	0.773	30000.0
57	5.24	88.037	1.948	54.396	1.015	0.764	20000.0
58	5.259	88.69	1.992	54.151	1.001	0.75	20000.0
59	5.643	90.632	2.094	55.984	1.043	0.757	30000.0
60	5.136	89.766	1.991	54.508	1.036	0.75	20000.0
61	5.672	97.584	2.175	59.506	1.136	0.736	20000.0
62	5.512	94.851	2.125	59.145	1.1	0.735	20000.0
63	5.525	92.799	2.155	57.127	1.046	0.75	20000.0
64	5.073	84.695	1.964	53.514	0.997	0.766	20000.0
65	5.542	95.282	2.117	59.208	1.087	0.736	30000.0
66	5.104	85.943	1.9	52.964	1.029	0.763	20000.0
67	5.076	88.881	1.928	54.06	1.044	0.747	20000.0
68	5.005	84.904	1.931	52.234	1.02	0.758	20000.0
69	4.79	83.094	1.925	52.334	0.974	0.752	30000.0
70	5.419	91.636	2.074	57.259	1.031	0.742	30000.0
71	5.376	90.589	2.032	56.289	1.056	0.744	20000.0
72	5.63	95.604	2.09	58.887	1.073	0.728	20000.0
73	5.41	91.298	2.073	56.488	1.081	0.734	20000.0
74	5.35	88.832	2.013	54.923	1.024	0.751	20000.0
75	5.126	85.713	1.943	52.412	0.989	0.761	30000.0
76	5.476	92.718	2.035	56.541	1.114	0.729	30000.0
77	4.91	84.609	1.907	52.006	0.997	0.765	20000.0
78	5.58	94.816	2.161	58.864	1.096	0.743	20000.0
79	5.161	87.731	1.982	54.697	1.046	0.747	20000.0
80	5.446	88.498	2.013	55.387	1.043	0.753	30000.0
81	5.138	86.392	1.942	53.191	1.009	0.767	20000.0
82	5.533	91.617	2.115	56.48	1.08	0.727	30000.0
83	4.937	83.884	1.895	52.681	0.999	0.777	20000.0
84	5.267	87.238	1.953	53.263	1.036	0.752	20000.0
85	4.893	82.698	1.852	50.846	0.997	0.764	20000.0
86	5.26	89.314	1.988	54.592	1.007	0.745	20000.0
87	4.717	82.219	1.834	50.251	0.987	0.763	20000.0
88	5.221	86.381	1.975	53.731	1.022	0.755	20000.0
89	5.268	89.088	2.029	55.842	1.003	0.753	30000.0
90	5.267	88.857	1.959	54.465	1.023	0.757	20000.0
91	5.063	87.184	1.866	52.039	1.107	0.747	30000.0
92	5.619	93.858	2.142	57.038	1.06	0.75	30000.0
93	5.528	96.467	2.206	61.815	1.078	0.721	40000.0
94	5.568	99.0	2.208	60.592	1.11	0.714	20000.0
95	4.881	83.633	1.9	51.831	1.047	0.76	40000.0
96	5.322	88.014	2.024	53.902	1.031	0.752	30000.0
97	5.282	87.753	1.978	53.11	1.043	0.75	20000.0
98	5.413	91.575	2.071	55.639	1.033	0.751	20000.0
99	5.001	84.122	1.894	52.402	1.026	0.752	20000.0
100	5.312	90.691	2.028	55.445	1.052	0.748	20000.0
