MutationType	SBS96A	SBS96B	SBS96C	SBS96D	SBS96E	SBS96F	SBS96G	SBS96H	SBS96I	SBS96J
A[C>A]A	1.42E-03	1.67E-03	1.87E-03	1.87E-03	1.25E-04	1.60E-03	2.01E-03	1.25E-03	4.65E-04	1.78E-03
A[C>A]C	1.16E-03	1.53E-03	1.91E-03	1.78E-03	2.38E-04	1.68E-03	1.95E-03	1.94E-03	8.43E-04	1.79E-03
A[C>A]G	1.19E-03	1.53E-03	1.48E-03	1.25E-03	1.95E-04	1.42E-03	1.64E-03	1.03E-03	4.05E-04	1.09E-03
A[C>A]T	1.11E-03	1.24E-03	1.29E-03	1.27E-03	6.60E-05	1.31E-03	1.38E-03	1.24E-03	2.86E-04	1.23E-03
A[C>G]A	4.51E-04	5.99E-04	6.54E-04	8.35E-04	2.78E-04	8.64E-04	1.16E-03	1.10E-03	9.33E-05	1.02E-03
A[C>G]C	3.36E-04	6.51E-04	5.59E-04	5.14E-04	2.40E-04	6.54E-04	7.97E-04	8.70E-04	5.45E-04	7.22E-04
A[C>G]G	2.70E-04	4.05E-04	6.21E-04	5.60E-04	1.01E-04	5.58E-04	5.58E-04	3.86E-04	1.58E-04	6.17E-04
A[C>G]T	3.58E-04	4.76E-04	2.94E-04	8.97E-04	2.87E-04	8.69E-04	1.14E-03	4.85E-04	3.56E-04	1.15E-03
A[C>T]A	7.41E-04	9.10E-04	7.61E-04	1.42E-03	2.70E-04	1.24E-03	1.08E-03	1.20E-03	7.24E-04	1.47E-03
A[C>T]C	5.48E-04	5.46E-04	7.39E-04	8.84E-04	2.06E-04	8.13E-04	7.74E-04	1.43E-03	9.41E-04	9.25E-04
A[C>T]G	5.42E-04	5.64E-04	6.58E-04	1.21E-03	2.51E-04	1.16E-03	7.44E-04	2.35E-03	2.17E-03	1.27E-03
A[C>T]T	6.34E-04	5.77E-04	8.21E-04	1.22E-03	1.43E-04	7.54E-04	9.27E-04	1.29E-03	3.83E-04	1.37E-03
A[T>A]A	2.69E-04	5.26E-04	6.25E-04	6.19E-04	5.15E-05	5.95E-04	5.89E-04	5.41E-04	3.29E-04	5.49E-04
A[T>A]C	2.19E-04	5.45E-04	4.21E-04	6.62E-04	2.14E-04	1.01E-03	9.89E-04	1.19E-03	6.48E-04	9.41E-04
A[T>A]G	6.37E-04	9.33E-04	7.21E-04	9.68E-04	5.99E-05	1.23E-03	1.09E-03	1.10E-03	5.33E-04	9.22E-04
A[T>A]T	2.33E-04	4.00E-04	3.36E-04	4.86E-04	1.57E-04	6.45E-04	6.79E-04	4.81E-04	1.30E-04	6.81E-04
A[T>C]A	4.31E-04	8.23E-04	7.69E-04	1.08E-03	6.25E-05	8.74E-04	1.52E-03	1.39E-03	8.11E-04	1.49E-03
A[T>C]C	2.05E-04	3.19E-04	3.41E-04	4.56E-04	1.49E-09	3.11E-04	5.24E-04	8.16E-04	5.19E-04	5.58E-04
A[T>C]G	7.10E-04	7.26E-04	8.64E-04	1.88E-03	2.60E-04	1.01E-03	2.09E-03	9.36E-04	7.03E-04	2.10E-03
A[T>C]T	1.11E-04	2.56E-04	3.50E-04	7.73E-04	2.85E-04	8.83E-04	1.35E-03	1.56E-03	6.18E-04	1.38E-03
A[T>G]A	1.57E-04	1.30E-04	1.36E-04	9.74E-05	3.51E-09	2.25E-04	1.14E-04	2.52E-04	3.28E-04	1.49E-04
A[T>G]C	9.20E-05	1.47E-04	8.18E-05	1.44E-04	1.26E-04	2.27E-04	2.30E-04	2.05E-04	7.74E-05	2.16E-04
A[T>G]G	1.49E-04	3.08E-04	2.68E-04	3.97E-04	4.39E-05	4.30E-04	6.78E-04	5.14E-04	3.08E-04	5.01E-04
A[T>G]T	4.15E-05	1.32E-04	2.23E-04	2.63E-04	2.48E-05	1.85E-04	2.40E-04	5.93E-04	1.03E-04	4.67E-04
C[C>A]A	1.75E-03	2.48E-03	2.54E-03	2.95E-03	9.15E-05	2.84E-03	2.29E-03	1.84E-03	1.02E-03	2.04E-03
C[C>A]C	1.83E-03	2.88E-03	2.84E-03	2.97E-03	2.99E-04	3.25E-03	1.98E-03	1.75E-03	1.44E-03	1.89E-03
C[C>A]G	1.15E-03	1.44E-03	1.74E-03	1.74E-03	5.13E-05	2.04E-03	1.86E-03	1.64E-03	1.17E-03	1.62E-03
C[C>A]T	1.64E-03	2.29E-03	2.49E-03	2.99E-03	2.27E-04	2.18E-03	2.28E-03	2.00E-03	1.21E-03	2.97E-03
C[C>G]A	5.79E-04	5.76E-04	8.60E-04	1.02E-03	4.07E-04	7.20E-04	1.16E-03	1.58E-03	3.84E-04	1.06E-03
C[C>G]C	5.17E-04	5.52E-04	9.21E-04	1.00E-03	9.10E-05	7.24E-04	8.26E-04	1.19E-03	1.87E-04	1.17E-03
C[C>G]G	5.08E-04	4.86E-04	7.12E-04	9.77E-04	6.62E-05	6.75E-04	7.79E-04	5.94E-04	5.72E-04	8.25E-04
C[C>G]T	4.82E-04	6.92E-04	7.70E-04	9.86E-04	4.27E-04	8.78E-04	1.42E-03	8.66E-04	3.15E-04	1.32E-03
C[C>T]A	9.99E-04	1.54E-03	1.53E-03	1.76E-03	4.58E-04	1.62E-03	1.84E-03	2.60E-03	1.13E-03	2.37E-03
C[C>T]C	7.08E-04	1.38E-03	9.67E-04	1.61E-03	8.96E-05	1.64E-03	1.51E-03	2.09E-03	1.05E-03	1.76E-03
C[C>T]G	6.38E-04	7.81E-04	7.65E-04	1.28E-03	4.25E-04	1.33E-03	1.27E-03	1.77E-03	1.67E-03	1.84E-03
C[C>T]T	1.00E-03	1.38E-03	1.27E-03	1.72E-03	6.96E-04	1.75E-03	2.24E-03	1.81E-03	4.20E-04	2.25E-03
C[T>A]A	4.70E-04	4.66E-04	6.92E-04	8.34E-04	1.47E-04	8.54E-04	7.42E-04	7.86E-04	2.79E-04	6.13E-04
C[T>A]C	5.60E-04	1.36E-03	8.79E-04	9.41E-04	1.40E-04	1.12E-03	1.34E-03	9.18E-04	3.68E-04	8.62E-04
C[T>A]G	2.02E-03	1.97E-03	2.48E-03	3.78E-03	2.58E-04	2.66E-03	2.09E-03	1.13E-03	7.58E-04	2.80E-03
C[T>A]T	5.99E-04	7.17E-04	1.01E-03	8.40E-04	1.42E-04	1.23E-03	1.16E-03	9.51E-04	5.15E-05	1.20E-03
C[T>C]A	2.90E-04	5.02E-04	5.25E-04	9.88E-04	5.33E-05	1.12E-03	9.26E-04	7.80E-04	3.80E-04	9.69E-04
C[T>C]C	1.13E-04	2.76E-04	4.49E-04	6.43E-04	1.51E-04	4.57E-04	7.98E-04	8.12E-04	2.66E-04	8.41E-04
C[T>C]G	5.94E-04	1.08E-03	9.17E-04	1.57E-03	4.82E-05	1.02E-03	1.10E-03	9.23E-04	9.60E-04	1.65E-03
C[T>C]T	4.43E-04	4.56E-04	5.08E-04	8.26E-04	5.60E-05	7.32E-04	1.30E-03	1.26E-03	3.05E-04	1.35E-03
C[T>G]A	5.88E-05	1.01E-04	1.14E-04	1.90E-04	7.62E-05	2.08E-04	2.31E-04	2.76E-04	6.95E-05	2.98E-04
C[T>G]C	1.45E-04	1.63E-04	1.52E-04	4.54E-04	6.30E-05	3.12E-04	3.62E-04	5.97E-04	3.45E-04	4.86E-04
C[T>G]G	2.43E-04	4.18E-04	5.90E-04	6.56E-04	1.64E-04	9.25E-04	1.14E-03	9.99E-04	5.66E-04	8.61E-04
C[T>G]T	2.11E-04	2.78E-04	2.45E-04	3.49E-04	2.01E-04	2.49E-04	6.90E-04	2.17E-03	4.62E-04	1.47E-03
G[C>A]A	1.60E-03	1.96E-03	1.69E-03	1.86E-03	3.13E-04	2.99E-03	1.81E-03	1.60E-03	1.17E-03	2.05E-03
G[C>A]C	1.45E-03	2.13E-03	2.29E-03	1.72E-03	3.34E-04	2.09E-03	2.41E-03	1.84E-03	3.10E-04	1.73E-03
G[C>A]G	1.06E-03	1.36E-03	1.49E-03	1.68E-03	2.80E-04	2.06E-03	1.93E-03	1.45E-03	7.99E-04	1.64E-03
G[C>A]T	1.03E-03	1.35E-03	1.82E-03	1.33E-03	2.25E-04	1.55E-03	1.54E-03	1.70E-03	9.34E-04	1.16E-03
G[C>G]A	5.64E-04	7.67E-04	7.14E-04	9.77E-04	2.55E-04	6.03E-04	8.13E-04	1.44E-03	5.77E-04	9.26E-04
G[C>G]C	8.46E-04	7.28E-04	1.02E-03	6.80E-04	1.11E-04	4.65E-04	1.13E-03	1.03E-03	4.46E-04	8.48E-04
G[C>G]G	6.84E-04	5.34E-04	1.12E-03	1.07E-03	1.47E-04	7.55E-04	7.71E-04	5.33E-04	4.29E-04	7.83E-04
G[C>G]T	5.63E-04	5.88E-04	6.27E-04	4.39E-04	3.32E-04	9.68E-04	9.13E-04	6.77E-04	2.47E-04	9.29E-04
G[C>T]A	6.21E-04	1.08E-03	1.07E-03	1.34E-03	3.84E-04	1.32E-03	1.82E-03	9.21E-04	1.10E-03	1.91E-03
G[C>T]C	7.31E-04	1.21E-03	9.44E-04	1.52E-03	2.73E-04	1.48E-03	1.26E-03	2.08E-03	1.32E-03	1.51E-03
G[C>T]G	3.04E-04	6.08E-04	4.20E-04	1.01E-03	4.82E-04	1.00E-03	1.04E-03	1.72E-03	1.77E-03	1.98E-03
G[C>T]T	5.58E-04	8.40E-04	9.13E-04	9.06E-04	2.44E-04	1.14E-03	1.49E-03	1.30E-03	1.15E-03	1.56E-03
G[T>A]A	4.16E-04	8.73E-04	5.22E-04	7.38E-04	1.06E-04	1.52E-03	1.13E-03	9.31E-04	2.41E-04	8.53E-04
G[T>A]C	4.14E-04	7.70E-04	3.88E-04	6.84E-04	7.25E-05	9.32E-04	6.97E-04	7.70E-04	2.97E-04	9.26E-04
G[T>A]G	7.77E-04	9.25E-04	1.21E-03	8.03E-04	2.19E-04	1.17E-03	1.46E-03	1.38E-03	3.35E-04	1.15E-03
G[T>A]T	3.57E-04	4.56E-04	5.04E-04	5.00E-04	1.36E-04	6.67E-04	6.27E-04	8.89E-04	3.33E-04	5.22E-04
G[T>C]A	4.72E-04	7.16E-04	4.60E-04	1.09E-03	3.16E-04	1.51E-03	8.72E-04	8.35E-04	6.69E-04	1.22E-03
G[T>C]C	2.34E-04	4.86E-04	2.55E-04	4.01E-04	3.20E-04	7.29E-04	1.16E-03	7.54E-04	5.68E-04	8.87E-04
G[T>C]G	4.09E-04	6.95E-04	6.66E-04	1.17E-03	1.67E-04	1.04E-03	1.05E-03	1.21E-03	4.98E-04	1.17E-03
G[T>C]T	3.02E-04	2.92E-04	5.26E-04	4.99E-04	2.60E-04	7.28E-04	7.67E-04	1.02E-03	5.75E-04	8.66E-04
G[T>G]A	1.20E-04	1.54E-04	1.65E-04	1.10E-04	8.24E-05	1.76E-04	2.37E-04	2.24E-04	9.56E-05	2.52E-04
G[T>G]C	8.47E-05	1.45E-04	1.44E-04	3.96E-04	1.36E-04	1.44E-04	3.00E-04	3.36E-04	2.27E-04	3.54E-04
G[T>G]G	1.98E-04	2.88E-04	4.54E-04	4.50E-04	1.16E-05	3.24E-04	4.40E-04	5.03E-04	9.61E-05	3.81E-04
G[T>G]T	1.23E-04	1.38E-04	1.36E-04	2.37E-04	1.14E-04	1.77E-04	3.31E-04	5.11E-04	2.63E-04	5.31E-04
T[C>A]A	1.15E-03	1.49E-03	1.80E-03	1.61E-03	5.77E-04	1.69E-03	2.26E-03	1.52E-03	7.38E-04	1.85E-03
T[C>A]C	1.64E-03	2.48E-03	2.18E-03	2.75E-03	6.62E-04	2.52E-03	2.32E-03	2.24E-03	1.05E-03	2.71E-03
T[C>A]G	9.99E-04	1.22E-03	1.07E-03	1.26E-03	1.78E-04	1.39E-03	1.32E-03	1.21E-03	3.11E-04	1.18E-03
T[C>A]T	1.54E-03	1.95E-03	1.85E-03	2.12E-03	5.03E-04	2.17E-03	1.86E-03	2.01E-03	8.30E-04	2.23E-03
T[C>G]A	5.11E-04	7.68E-04	5.75E-04	1.21E-03	9.74E-04	1.65E-03	1.52E-03	1.02E-03	1.11E-04	1.78E-03
T[C>G]C	7.15E-04	9.27E-04	1.03E-03	8.36E-04	8.20E-04	2.00E-03	1.94E-03	1.28E-03	4.12E-04	2.02E-03
T[C>G]G	2.91E-04	3.14E-04	6.12E-04	7.46E-04	3.52E-04	5.05E-04	7.48E-04	5.03E-04	1.54E-04	8.05E-04
T[C>G]T	6.93E-04	8.67E-04	1.08E-03	1.37E-03	1.09E-03	1.06E-03	1.80E-03	1.54E-03	4.53E-04	2.97E-03
T[C>T]A	9.10E-04	7.51E-04	1.28E-03	1.76E-03	1.71E-03	1.61E-03	1.82E-03	2.55E-03	9.50E-04	4.11E-03
T[C>T]C	7.33E-04	1.42E-03	1.26E-03	1.33E-03	7.34E-04	2.15E-03	2.28E-03	2.32E-03	9.69E-04	1.75E-03
T[C>T]G	5.06E-04	5.13E-04	5.86E-04	1.00E-03	8.37E-04	7.18E-04	9.56E-04	1.53E-03	1.31E-03	1.55E-03
T[C>T]T	5.73E-04	9.31E-04	1.11E-03	2.01E-03	1.08E-03	1.88E-03	1.69E-03	2.63E-03	8.97E-04	2.51E-03
T[T>A]A	2.87E-04	4.87E-04	6.63E-04	9.75E-04	8.55E-05	7.06E-04	6.90E-04	8.48E-04	1.91E-04	7.07E-04
T[T>A]C	3.44E-04	3.28E-04	4.72E-04	7.93E-04	7.06E-05	6.58E-04	7.02E-04	5.23E-04	3.88E-04	8.33E-04
T[T>A]G	4.60E-04	7.11E-04	6.18E-04	8.01E-04	1.65E-04	7.46E-04	7.27E-04	6.44E-04	3.24E-04	7.36E-04
T[T>A]T	2.28E-04	4.14E-04	4.28E-04	6.10E-04	1.37E-05	4.58E-04	5.63E-04	6.86E-04	1.72E-04	5.32E-04
T[T>C]A	1.52E-04	3.43E-04	2.69E-04	6.08E-04	2.76E-04	5.50E-04	6.69E-04	7.99E-04	4.71E-04	7.89E-04
T[T>C]C	1.62E-04	2.55E-04	3.02E-04	5.92E-04	7.09E-05	5.19E-04	5.88E-04	7.88E-04	4.86E-04	7.63E-04
T[T>C]G	1.59E-04	2.54E-04	3.02E-04	9.15E-04	6.09E-05	5.76E-04	8.99E-04	7.46E-04	4.43E-04	1.05E-03
T[T>C]T	1.83E-04	5.06E-04	4.58E-04	1.00E-03	1.35E-04	9.93E-04	6.28E-04	9.47E-04	1.72E-04	7.50E-04
T[T>G]A	4.09E-05	9.87E-05	1.25E-04	1.78E-04	5.34E-05	1.86E-04	3.13E-04	3.88E-04	8.91E-05	2.68E-04
T[T>G]C	7.30E-05	1.67E-04	2.52E-04	2.93E-04	1.76E-08	3.10E-04	6.61E-04	6.01E-04	1.58E-04	6.52E-04
T[T>G]G	2.51E-04	2.38E-04	3.88E-04	4.73E-04	1.09E-04	5.69E-04	3.25E-04	3.14E-04	1.79E-04	5.56E-04
T[T>G]T	1.50E-04	2.05E-04	2.04E-04	4.05E-04	1.16E-04	4.55E-04	4.96E-04	7.64E-04	3.15E-04	7.76E-04
