MutationType	SBS96A	SBS96B	SBS96C	SBS96D	SBS96E	SBS96F	SBS96G	SBS96H	SBS96I	SBS96J
A[C>A]A	0.03575907803010523	0.027801452682738273	0.03570935872849077	0.025396686122867322	0.0004033535243035402	0.016293908646368326	0.019933517464596803	0.006892954992784581	0.0019935670999620923	0.013627083943380285
A[C>A]C	0.03268642864190042	0.03135228361934424	0.036800599470734593	0.01872010297845236	0.0018550967156083687	0.018889947668866397	0.034471698976121845	0.021135557483742105	0.006331915112805291	0.018879931940500683
A[C>A]G	0.02374853318091482	0.024483987377025188	0.022422604929593037	0.012572592057100191	0.0011270119946808865	0.014441449243074089	0.013587508402720232	0.0059737430399070665	0.002491898213999093	0.007594336722364687
A[C>A]T	0.025796799706295132	0.018033212220414045	0.02405775409322814	0.011427597281314093	0.00014711960004227365	0.011165886646501803	0.014276619297099842	0.009380335007677161	0.000730834822471138	0.010246111015461565
A[C>G]A	0.0033982813734473893	0.007070557408733294	0.006418584945304246	0.008679196710791075	0.0025983696251183374	0.0070495087055951425	0.016584564276854508	0.010600248607819652	0.00022660950454451268	0.010489599159655257
A[C>G]C	0.0021664126519317507	0.005281801183300559	0.004674025885526305	0.0031818213119004213	0.0032473562823065547	0.005434942948049866	0.006756986267864704	0.007378088528639637	0.007369666999438778	0.005000147290447785
A[C>G]G	0.0015500383991471267	0.002076158256652576	0.006669173960633543	0.005152585705613433	0.0005635772681127093	0.003430160616278215	0.004665648754349268	0.0014198808192583102	0.0007047664598506743	0.004502408341222122
A[C>G]T	0.002106629822884258	0.003648318514861326	0.001012602352496259	0.00645030559798613	0.003403462376500954	0.006365176597283266	0.011316102353457041	0.0023738798872113874	0.002027049807591084	0.00856008474646018
A[C>T]A	0.010248374209631948	0.010022912081913091	0.007270707104455596	0.015586562711687292	0.00206873762769397	0.01458348945772741	0.00841861773273958	0.009932519321371274	0.009316964368265417	0.01171277702669613
A[C>T]C	0.006737843192968285	0.005499537477153354	0.00819263896031771	0.007797132197301835	0.0013744283058935026	0.006554124704562128	0.005590097706055985	0.019147252065793055	0.02191631981462706	0.007466548953198071
A[C>T]G	0.004335974172936403	0.0022824516479147666	0.003457364582814648	0.004855480732048818	0.0014977357612499275	0.005993373116909879	0.003411306769642124	0.016681788079955396	0.1639749962836504	0.009129271473021987
A[C>T]T	0.003715196633194182	0.004067794735892676	0.005548582555672397	0.012176951698020275	0.0008659309684597894	0.0054218572633430995	0.006421719206974217	0.01361018364779511	0.00254647135557434	0.014504541868671197
A[T>A]A	0.002334320300181503	0.0047511700656566805	0.004817738413650758	0.00551945385099657	8.033679893493684e-05	0.005389201308198843	0.004564570502398197	0.00373553770615072	0.0025380645465895666	0.003526713733766087
A[T>A]C	0.0011908178882550026	0.0029412156577467386	0.0024854191391709434	0.0029217086092103274	0.002702941194570485	0.00752716671777307	0.00678294819711823	0.008500802374913406	0.008139636269592075	0.0053851799969561395
A[T>A]G	0.0056774122951742355	0.009442329868975322	0.006699744584387743	0.010594462246220928	0.00023375564209580091	0.012661676134448498	0.007684253927260442	0.009674059747194406	0.004350155225178014	0.007391968246905662
A[T>A]T	0.0009057560154803923	0.003244876165416599	0.002256333475033898	0.0026683688298862764	0.00106278547711554	0.005455925581858878	0.0050432796377816655	0.0019557246851885425	0.0004472311152731834	0.0044274096991478015
A[T>C]A	0.0030120043272290785	0.006266135355306232	0.0052342175849480555	0.007283831028486247	0.00015361847295181975	0.006801166146040032	0.017170768702812894	0.014446833504445351	0.008089278165670066	0.01506894726480823
A[T>C]C	0.0010248954546659662	0.0019912497984023504	0.0024514386110973873	0.0038981061241895533	3.754103479192139e-09	0.001484394109534435	0.0030568800373222873	0.009209051123083078	0.006842337051128879	0.0038325143886481783
A[T>C]G	0.004291042388067581	0.006030749806232052	0.006985820789122954	0.015737811061147883	0.001694205098042687	0.0080976288767323	0.023175271588843315	0.004642111306134213	0.008090504159580405	0.02276490806386164
A[T>C]T	0.0002830057416576892	0.0013244447429386242	0.002094052280095866	0.004421199916978366	0.005439664786099457	0.005559556823573075	0.011548445143271238	0.01511409098864533	0.006762474798413223	0.012680653625741342
A[T>G]A	0.001126345499993704	0.0006128048402362651	0.0006760096751222023	0.0002886438569876759	1.1856227875028935e-08	0.001065910687306575	0.0003675890870452747	0.000729024532483784	0.004564512095089696	0.0003850514102989777
A[T>G]C	0.00044640961905401247	0.0010848683896118416	0.00025237328933968683	0.0005897318107749072	0.0009511538843426326	0.0014599272628488791	0.0013624929141932984	0.0007915731582493634	0.00027073237718141743	0.0010791832027998538
A[T>G]G	0.0004503005862598286	0.0018541237727353632	0.001671476610002287	0.002438666668703817	0.0001668317500701555	0.0021586754014334985	0.004997372818996837	0.002849340421770208	0.003115120191773002	0.002891391491557016
A[T>G]T	0.00017246624423053524	0.0005603665006388781	0.0011586128870292001	0.0012163535541844794	4.173406462319118e-05	0.0008753914916925609	0.0010876591544760573	0.005805703940498148	0.00041455469464914076	0.003374777093382306
C[C>A]A	0.08232806274667383	0.068693661025029	0.06081027138978243	0.041810153738434934	0.0001970179724636978	0.04278770898759558	0.02974051701242388	0.015323191049116076	0.005820546138290865	0.013938320648180139
C[C>A]C	0.10550765238702298	0.08019015070050955	0.039346998289693146	0.03568279644707218	0.002221021706486397	0.04328908241030149	0.016654252793456604	0.013479233175367504	0.00831651389647277	0.01366506574406515
C[C>A]G	0.03576198718510568	0.03972670746501535	0.03190027003525756	0.02154970819596201	7.340889652482474e-05	0.029740437552100048	0.013392162969103083	0.009297040759836657	0.011013217737602013	0.0102442994196241
C[C>A]T	0.06566004494205117	0.05204195052834622	0.03909073392045684	0.056232887015257804	0.0010506157774928227	0.022505265399686322	0.02048519370304007	0.01798449136119757	0.006094497055793227	0.031672218228210626
C[C>G]A	0.00789929044083692	0.004189708910998889	0.010890623080194927	0.006553135951578781	0.006347237676224377	0.004744879243371542	0.009016214843140915	0.018460057690099348	0.0019156456707582947	0.007628314165199299
C[C>G]C	0.007323566648774431	0.005790318116646063	0.01282007672424344	0.008669895221341954	0.0004056831650618875	0.00477011750566632	0.006202349386265382	0.01212120657551452	0.0005812720858227749	0.007436412469429574
C[C>G]G	0.004933512472725852	0.0050926091650035235	0.0055467270256963274	0.008327094953200458	0.00031304981937772423	0.005615809420360165	0.005194598624494233	0.00410375296843398	0.00636818326233481	0.004397216962960755
C[C>G]T	0.005054605154000456	0.007705122576441852	0.008185792759613833	0.009471320441371063	0.006946744490211927	0.007430362004088238	0.018319136009085923	0.0057872736015110605	0.0016371138967133448	0.011677452511771762
C[C>T]A	0.015891355225575977	0.025530572987045162	0.020601793398382143	0.02147603115765378	0.010286166183650493	0.01354058018856449	0.019569076709449292	0.05322313307784498	0.012630719402222894	0.027417462116573005
C[C>T]C	0.01023229927115608	0.019578061001679997	0.011870703217573464	0.022313931193330118	0.00024041521727582448	0.02267572535551153	0.015434783268719911	0.030561544924005375	0.011004721567380783	0.023150614968066065
C[C>T]G	0.005308214629330905	0.006577677279055933	0.006292141300937146	0.012613940404847675	0.004702729097161864	0.013632293964037671	0.0116254728497006	0.01612054856494069	0.11995133623480797	0.01838541881821584
C[C>T]T	0.015214309775619767	0.019864331037806552	0.01376930312580953	0.021490095584886147	0.0141736342353596	0.019027357551967727	0.03222750927205197	0.01690419590876118	0.0023004051113377955	0.031660516574047504
C[T>A]A	0.006292521045897956	0.004164737465828239	0.006789693535902188	0.008674276453109541	0.0008295844983115331	0.008351324231016406	0.004811741234992724	0.0044733815322160805	0.0010448883607972448	0.003533578181188615
C[T>A]C	0.005111851837434642	0.019834390080650337	0.00569421712432586	0.005772743577429082	0.0006709588593943039	0.011586764623851878	0.009036935027608592	0.006278546149730176	0.0017348095476302206	0.004730877407068306
C[T>A]G	0.0305256380545643	0.017532737220064973	0.02252519488604146	0.0757593197003007	0.001319057360327207	0.03316237328077591	0.013072927661907884	0.004224797190188383	0.0035962303214910215	0.026313008949139204
C[T>A]T	0.006680307696491354	0.005511862695646244	0.013534710399906174	0.006832127447386256	0.000536577067434294	0.012186981390848076	0.011076383480028843	0.007865647803970432	6.463772238291199e-05	0.010831974661102776
C[T>C]A	0.001388896847949468	0.0028562922254423027	0.0037503442859085113	0.006001232232562188	0.00010929873366055887	0.012251158906771024	0.006052702840335087	0.005821797143180447	0.0025424902561312734	0.007584930437481034
C[T>C]C	0.0004305343889177493	0.0011893143820853424	0.002798458011476441	0.005002063115389319	0.0009919926718226079	0.0025323393541816586	0.007505267885925378	0.008546608291592293	0.0017004251159949391	0.006944137460502304
C[T>C]G	0.006523409865767462	0.011145578405703419	0.007591216465003166	0.018268042546278594	0.00011758368576899159	0.00937414142894795	0.010048826478097794	0.006884326977011313	0.014510424297277495	0.01422205083503286
C[T>C]T	0.001477695785709372	0.002671664032144463	0.002279290044207585	0.006921325670516225	7.591692172212561e-05	0.005418388297103149	0.014327858085448498	0.01391572486440964	0.0015408165779842165	0.014430171033033047
C[T>G]A	0.0001581756947877011	0.00043497418463189774	0.00054481715941062	0.001064619208135724	0.0008080200301052631	0.0012915465770561951	0.001572207494587019	0.0009944701479482631	0.00014505501344817871	0.0019570304439265307
C[T>G]C	0.00037376719529930825	0.0005650623268581256	0.0005881934785099041	0.00277037517713552	0.00021980094382579197	0.002372809482685625	0.0018266587897804243	0.0043426433008562524	0.003929509237083124	0.002902614074476588
C[T>G]G	0.002015234597262179	0.0030422457190104526	0.005137349069700576	0.004557921847183479	0.0009111101814236377	0.007869460846559378	0.011260668821029185	0.00879265935800504	0.00807205189713386	0.006626736666366924
C[T>G]T	0.0003167951134233249	0.0006697715263023696	0.0007127628693754673	0.0009780456745363609	0.00201796030255224	0.0006021001616016619	0.0024852817281552577	0.025816493850312552	0.0022897128553809407	0.009009477765399367
G[C>A]A	0.042107925466261804	0.024635227257136877	0.023302877245830588	0.016689599659414397	0.0038198543668944217	0.04940423357416876	0.016393183307955042	0.009142954122063998	0.00908675711776823	0.01780030614172574
G[C>A]C	0.03108576516271569	0.05516394044272602	0.042679580901749434	0.015635032729674096	0.0030025901884376083	0.02539720155065879	0.04372250033076853	0.017987334460485727	0.0008551765730840089	0.013187565493790316
G[C>A]G	0.01949509797617793	0.021218118292599685	0.03589112943271175	0.0168087596499754	0.00150577045419368	0.034893723595887424	0.01752191641880927	0.013210322749607144	0.005099433507401727	0.013247306772327647
G[C>A]T	0.02398694742238149	0.019491393390344457	0.03626507526263595	0.01432248709606938	0.0023655958243293186	0.018688856810331344	0.01655111685337033	0.015775063184793794	0.009486867014311428	0.008702944420504934
G[C>G]A	0.005924069220529948	0.005465121583263244	0.0058580844981770495	0.005894086806802079	0.002957652323416653	0.003483018606493715	0.005591239343775669	0.018881452702905505	0.005730999935203727	0.0078040829475503415
G[C>G]C	0.009647411027767703	0.006292695623552631	0.008819063410410308	0.004117199846385802	0.0006604796862213646	0.0020796805478320835	0.007282016226090491	0.009203503709017583	0.0039677080292089785	0.0048225810341500615
G[C>G]G	0.0040779244528241065	0.0028639603837729054	0.012965666819867465	0.008922154133906589	0.0006943046356974846	0.004310638183965807	0.004315589256871988	0.0016162748769177426	0.0030511755202695667	0.004433475663339408
G[C>G]T	0.006811811956577003	0.0051477875409182165	0.004978409071762257	0.00180725710481056	0.005944167597169781	0.005608946536764279	0.0055185861827956725	0.0030939044685919727	0.0015479268417139735	0.005312784683618759
G[C>T]A	0.004045577917131595	0.01009691673272755	0.006048084548820043	0.010366616609389893	0.007574872877376038	0.012456944672885583	0.01846558141231071	0.004823693059151992	0.031178125322330743	0.01492686994955875
G[C>T]C	0.008311154221883044	0.01104936559568169	0.006051048674853518	0.015188674905803055	0.0035894317906650032	0.010920325468323427	0.009520230903447315	0.018715825124672847	0.048138139881193635	0.010410019068513066
G[C>T]G	0.0011837589552214922	0.0037766717944759877	0.0016106056261944524	0.0074919714357520205	0.009854943083691978	0.005702479861961365	0.006502191596960074	0.013745478951605036	0.16169965490698815	0.01334948752314233
G[C>T]T	0.0053974330146711515	0.007006543192837853	0.0055574801137845495	0.00813975709519582	0.002328346743011025	0.013438420205493457	0.01376640855820142	0.009140648265055593	0.031225815378129483	0.014888738096251472
G[T>A]A	0.0036652299736960716	0.006742712384080961	0.002855679708718526	0.004236226957458769	0.0008768929549210824	0.011718839630211732	0.01023089812516389	0.007284911016242318	0.0008418493498467683	0.0059251683019869005
G[T>A]C	0.0026772330077076845	0.008038211359109084	0.002120920900200787	0.004386923446780884	0.00028113430762109813	0.006812313094825413	0.00422431360250215	0.005031310326106109	0.0015499960512991605	0.005955551819979519
G[T>A]G	0.008037806174252182	0.00909235498941939	0.013440987890353426	0.005548725032340372	0.0016028933967808712	0.01024521948283109	0.01650777590723635	0.011939046722818602	0.0015746658694297366	0.010248530954326042
G[T>A]T	0.002932679964447971	0.003651137627514345	0.00397153123486234	0.0035132066044627664	0.0008852909128697606	0.005980875293316785	0.003652398173672964	0.008881204407530277	0.0020190318148570452	0.0036291620278353777
G[T>C]A	0.003543204463682059	0.0043725240559433585	0.0020289271557707624	0.008074466503894656	0.003718672535223959	0.012735263290969669	0.006864207907751734	0.004963387234579386	0.009121621737838268	0.010141601138748228
G[T>C]C	0.0006853626307565719	0.0018696715114217	0.000983792798292029	0.00152887556800124	0.0038428755255934277	0.005001823207130655	0.00709248029596722	0.0038156486594527906	0.0059429952291066	0.005885008667044644
G[T>C]G	0.002376398945393703	0.003638743142691965	0.005013469861212343	0.0077947651407066585	0.0010219389002014622	0.0075195727388990006	0.010454329230986445	0.01216585322495149	0.004650943668987679	0.009839086049173601
G[T>C]T	0.0019142689072999303	0.001707950741692912	0.0037020104970724786	0.003066088835462324	0.0041963595434873465	0.005721831076662056	0.0048855893820291384	0.009126800861558877	0.007815545077464776	0.006588445513580154
G[T>G]A	0.0008345674566609063	0.0009642315933045254	0.0008926429230307065	0.0004675056593258731	0.0005119497609869938	0.000607448829294821	0.0016253647118426072	0.0010652670519145603	0.00036075643733333605	0.001422213742696954
G[T>G]C	0.00027617887486961477	0.0003400651589357295	0.0005979368907298266	0.0024727943499981107	0.001622894361632703	0.0004775002972435516	0.0011454395379223222	0.0016888640868062054	0.0017394692469723339	0.001559200680710333
G[T>G]G	0.001494317335301929	0.0018394261288972303	0.0034642102751641347	0.003100481517789859	1.1726181314513084e-05	0.0018340585111867825	0.0035231332656866245	0.003580437917599326	0.0002639699709868637	0.002425563623611282
G[T>G]T	0.0004230332464572939	0.0009371855812920061	0.0005803560921199846	0.000940731194265254	0.0009517942923663725	0.0006635039725213687	0.0018602125943991154	0.005672910668864688	0.002397877581373109	0.003955962639593053
T[C>A]A	0.027031374721568538	0.02686601087683812	0.03668842538987519	0.026097972637508064	0.021861163577996195	0.026285925213887822	0.02899093069222545	0.010919011682854035	0.004250487159581553	0.0210665273189079
T[C>A]C	0.07432512119412422	0.03721564466210106	0.07257189854979515	0.03283350712386891	0.012074507658013545	0.028671187390573324	0.021170287617715076	0.024287629560567438	0.009066638121039432	0.03051542757311836
T[C>A]G	0.014013501742447261	0.01937598385149613	0.018802562489872797	0.013950251246388917	0.001262821396981929	0.01637667518627211	0.011228247827966697	0.008832596775497734	0.0012414168174834117	0.007994734027530655
T[C>A]T	0.04581681292969733	0.034971518157981336	0.02729031038354151	0.023477189678233118	0.010919581038592127	0.02926743250573054	0.016481818564143394	0.01564904152881354	0.004362544115865603	0.023032038131805165
T[C>G]A	0.00365230823046204	0.006059004207763223	0.0029766232782929246	0.007704285726613307	0.14500547312200068	0.00908341886129847	0.008642361192268341	0.004020254315245779	0.0002518124275033529	0.007449251496930742
T[C>G]C	0.006814880384217759	0.009207182335458128	0.00925692458433332	0.004746823493624106	0.044554275795817375	0.014098485368303954	0.020646586355651378	0.008447818429995096	0.0023306733572599127	0.01424078653632705
T[C>G]G	0.001705998179907624	0.0015675755240766875	0.005440603581453303	0.006820464901945798	0.01853163169696927	0.003691934943863089	0.005908861765065154	0.0031238200321607222	0.0007653184794034474	0.00764371828744288
T[C>G]T	0.003934580164416822	0.006579695593103585	0.005201871180688613	0.00918855108070602	0.17277955621480942	0.005321531865481576	0.01419437615672905	0.013026093582379161	0.002587196416844814	0.01741512020972607
T[C>T]A	0.006852776502491906	0.004796869572601281	0.009891594269720371	0.01156892242000825	0.2129025511443615	0.014381772246561014	0.014056292060995474	0.024923645025119186	0.008896215984905212	0.03526668496779166
T[C>T]C	0.006793519485800061	0.017373659699223935	0.010967497407109476	0.008668190058670007	0.057153813689947125	0.019879542906110145	0.023550936293323187	0.05510841206880286	0.009564032615528503	0.014901264636830735
T[C>T]G	0.0031768395537804394	0.0032994561838872415	0.0032700170535651728	0.006302090045210207	0.05717492444440722	0.004296585769814122	0.006124022680451162	0.014865534581430083	0.06693883774802088	0.012238666786579415
T[C>T]T	0.0029586632750579155	0.005456752150030298	0.008302024507117674	0.0213471432228107	0.08627022359520196	0.01772084599477239	0.015391712073469534	0.03164144661277533	0.010084539640811272	0.028383730993373858
T[T>A]A	0.0013378182198349009	0.002399422960683708	0.003144873633111693	0.007889425897199374	0.0004181035362230023	0.004758977137931595	0.004641016227666075	0.005200787769069563	0.000704216239379889	0.004945372613371717
T[T>A]C	0.00264406492933972	0.001984889736263824	0.0034854556939208693	0.007332829295188324	0.0002067046835404618	0.004783155631412228	0.004769247372323373	0.002440019114436325	0.00357659873131297	0.007206724925617891
T[T>A]G	0.0059656634530983865	0.008794447625114117	0.005830038602363526	0.006916284454074457	0.001430760049605766	0.006446551861166938	0.005982834553017824	0.004063554497837458	0.0016432862260084202	0.005410011191654576
T[T>A]T	0.0018094827140021153	0.0032461446798529893	0.004349169669985145	0.006338470174998818	1.7113445519854055e-05	0.003163421007252083	0.004736893808043021	0.006539905388848695	0.0007419854497931056	0.0042117529151644816
T[T>C]A	0.0008786605819219062	0.001877883916489509	0.0014403790341657441	0.003879253654905597	0.0034971284177490246	0.0028759910712506096	0.00412487818256649	0.005222902856551173	0.005513770580068922	0.006056162108143326
T[T>C]C	0.0004464801411728558	0.0010670576527104457	0.001739701129259501	0.004884847985813394	0.0002688183815946843	0.0030358654227711666	0.0039189020524955254	0.007429460156080978	0.006691270586384804	0.0072453714275799545
T[T>C]G	0.00039431850191932127	0.0012440100393359898	0.0010403466512901361	0.007327911079706406	0.00021666790789892008	0.0040755829226354475	0.008772690011635404	0.00617226167699556	0.0042215298924188	0.011326990344999217
T[T>C]T	0.00038721425876488526	0.002013209205220221	0.001177662202867964	0.006152281253064302	0.0009572485790285512	0.006617152462271747	0.003905064036783301	0.008472266236724408	0.0008464196519140544	0.005042510889834837
T[T>G]A	0.00014497060542176143	0.00044937351058873534	0.0005858728047998341	0.0006962362922244302	0.00037095666488918156	0.0009678870552966146	0.0015541891471842462	0.0034744827053684447	0.0003488440451101837	0.0016529803939407017
T[T>G]C	9.132535731978919e-05	0.000462449297992471	0.001156899457611331	0.0008667597545855798	7.563436684066005e-08	0.0015882125873841347	0.005814339604283134	0.004086438358929456	0.0011209326723125202	0.004519556065319818
T[T>G]G	0.0018935772438806709	0.0013774498257433266	0.0024568214241422483	0.003954630486948361	0.0005305655316288327	0.003626621836615982	0.0014812860648446247	0.0015631363881982452	0.0006932716268002537	0.00407517370426504
T[T>G]T	0.00042079279531265	0.0005880515793953122	0.0011639439787805373	0.002172859659077346	0.0005280964169749503	0.0023630751412996175	0.003480877574972041	0.006634333941027251	0.002150761523278675	0.006816331269902776
