MutationType	ID83A	ID83B	ID83C	ID83D	ID83E	ID83F	ID83G
1:Del:C:0	1.86E-07	1.95E-08	1.85E-07	1.65E-07	3.13E-07	3.96E-07	3.17E-07
1:Del:C:1	1.71E-02	5.55E-04	1.55E-02	2.32E-03	1.12E-02	1.06E-02	9.74E-03
1:Del:C:2	9.55E-03	5.75E-04	1.80E-02	4.58E-03	4.01E-03	5.59E-03	5.78E-03
1:Del:C:3	5.28E-03	7.15E-09	1.05E-02	4.67E-03	1.31E-02	1.07E-02	5.56E-03
1:Del:C:4	4.72E-03	2.89E-04	3.74E-03	9.61E-03	1.13E-02	1.43E-02	7.28E-03
1:Del:C:5	1.22E-03	1.92E-08	2.65E-03	6.20E-03	2.87E-03	2.51E-03	1.58E-03
1:Del:T:0	1.86E-07	1.95E-08	1.85E-07	1.65E-07	3.13E-07	3.96E-07	3.17E-07
1:Del:T:1	4.37E-03	5.80E-04	5.40E-03	3.04E-03	1.76E-02	6.83E-03	9.64E-03
1:Del:T:2	2.89E-03	9.05E-09	2.37E-03	2.14E-03	5.79E-03	5.99E-03	4.34E-03
1:Del:T:3	1.42E-03	8.84E-09	2.47E-03	3.41E-03	3.64E-03	5.25E-03	3.81E-03
1:Del:T:4	2.86E-03	1.10E-04	1.73E-03	1.55E-03	3.38E-03	4.67E-03	3.70E-03
1:Del:T:5	6.79E-07	2.37E-04	1.35E-03	3.02E-03	3.20E-04	1.49E-03	9.35E-04
1:Ins:C:0	4.80E-04	8.44E-04	1.07E-03	5.49E-04	2.07E-03	2.32E-03	1.76E-03
1:Ins:C:1	1.07E-03	4.60E-04	1.05E-03	1.07E-03	2.38E-03	3.60E-03	1.49E-03
1:Ins:C:2	1.15E-03	4.16E-05	1.53E-03	1.05E-03	2.85E-03	2.90E-03	1.02E-03
1:Ins:C:3	1.02E-03	1.07E-08	1.86E-03	1.06E-03	1.90E-03	2.40E-03	1.57E-03
1:Ins:C:4	1.51E-03	2.15E-04	1.28E-03	1.81E-03	1.16E-03	1.90E-03	1.11E-03
1:Ins:C:5	1.34E-03	3.42E-05	1.92E-03	4.15E-03	3.31E-03	5.51E-03	2.78E-03
1:Ins:T:0	2.82E-03	1.07E-03	2.91E-03	2.07E-03	6.93E-03	5.71E-03	3.29E-03
1:Ins:T:1	5.78E-03	7.59E-04	9.63E-03	9.46E-04	1.08E-02	1.23E-02	5.58E-03
1:Ins:T:2	3.85E-03	3.69E-04	4.27E-03	1.79E-03	8.47E-03	5.60E-03	4.02E-03
1:Ins:T:3	1.78E-03	2.86E-04	1.31E-03	1.58E-03	1.57E-03	1.82E-03	5.41E-04
1:Ins:T:4	1.13E-03	8.22E-05	9.45E-04	1.31E-03	1.82E-03	1.70E-03	1.33E-03
1:Ins:T:5	6.10E-04	1.20E-08	1.34E-03	4.70E-03	2.99E-03	2.48E-03	9.10E-04
2:Del:R:0	9.71E-04	3.76E-04	2.29E-03	2.77E-03	3.93E-03	4.46E-03	3.17E-03
2:Del:R:1	1.27E-03	9.14E-09	7.28E-04	1.21E-03	1.00E-03	2.23E-03	1.30E-03
2:Del:R:2	1.86E-07	1.95E-08	1.85E-07	1.65E-07	3.13E-07	3.96E-07	3.17E-07
2:Del:R:3	2.60E-07	1.68E-08	4.50E-05	3.18E-04	3.48E-07	4.12E-05	2.85E-05
2:Del:R:4	1.86E-07	1.95E-08	1.85E-07	1.65E-07	3.13E-07	3.96E-07	3.17E-07
2:Del:R:5	1.86E-07	1.95E-08	1.85E-07	1.65E-07	3.13E-07	3.96E-07	3.17E-07
3:Del:R:0	9.66E-04	2.44E-05	1.09E-03	2.26E-03	2.93E-03	3.11E-03	2.13E-03
3:Del:R:1	3.04E-04	1.66E-08	3.06E-04	2.24E-04	2.55E-04	5.01E-04	4.09E-04
3:Del:R:2	1.86E-07	1.95E-08	1.85E-07	1.65E-07	3.13E-07	3.96E-07	3.17E-07
3:Del:R:3	1.86E-07	1.95E-08	1.85E-07	1.65E-07	3.13E-07	3.96E-07	3.17E-07
3:Del:R:4	1.86E-07	1.95E-08	1.85E-07	1.65E-07	3.13E-07	3.96E-07	3.17E-07
3:Del:R:5	1.86E-07	1.95E-08	1.85E-07	1.65E-07	3.13E-07	3.96E-07	3.17E-07
4:Del:R:0	1.14E-04	3.24E-04	1.06E-03	2.14E-03	2.96E-03	4.44E-03	2.39E-03
4:Del:R:1	3.32E-04	1.44E-08	1.17E-04	6.16E-05	3.11E-04	5.73E-04	5.73E-04
4:Del:R:2	1.86E-07	1.95E-08	1.85E-07	1.65E-07	3.13E-07	3.96E-07	3.17E-07
4:Del:R:3	1.86E-07	1.95E-08	1.85E-07	1.65E-07	3.13E-07	3.96E-07	3.17E-07
4:Del:R:4	1.86E-07	1.95E-08	1.85E-07	1.65E-07	3.13E-07	3.96E-07	3.17E-07
4:Del:R:5	1.86E-07	1.95E-08	1.85E-07	1.65E-07	3.13E-07	3.96E-07	3.17E-07
5:Del:R:0	3.87E-03	8.66E-04	2.64E-03	2.06E-03	3.84E-03	3.48E-03	1.67E-02
5:Del:R:1	1.86E-07	1.95E-08	1.85E-07	1.65E-07	3.13E-07	3.96E-07	3.17E-07
5:Del:R:2	1.86E-07	1.95E-08	1.85E-07	1.65E-07	3.13E-07	3.96E-07	3.17E-07
5:Del:R:3	1.86E-07	1.95E-08	1.85E-07	1.65E-07	3.13E-07	3.96E-07	3.17E-07
5:Del:R:4	1.86E-07	1.95E-08	1.85E-07	1.65E-07	3.13E-07	3.96E-07	3.17E-07
5:Del:R:5	1.86E-07	1.95E-08	1.85E-07	1.65E-07	3.13E-07	3.96E-07	3.17E-07
2:Ins:R:0	8.03E-04	1.31E-03	2.04E-03	1.61E-03	2.94E-03	5.97E-03	2.62E-03
2:Ins:R:1	6.45E-04	1.98E-04	6.49E-04	7.37E-04	6.13E-04	7.64E-04	5.78E-04
2:Ins:R:2	9.76E-05	1.78E-08	5.16E-05	2.44E-04	3.76E-04	2.25E-04	2.71E-04
2:Ins:R:3	1.14E-04	1.90E-08	1.40E-04	1.61E-07	2.52E-04	3.01E-04	3.14E-04
2:Ins:R:4	2.53E-07	1.51E-08	1.60E-04	3.22E-04	3.15E-07	4.12E-05	2.85E-05
2:Ins:R:5	1.86E-07	1.95E-08	1.85E-07	1.65E-07	3.13E-07	3.96E-07	3.17E-07
3:Ins:R:0	1.14E-04	1.07E-03	5.26E-04	9.52E-08	6.72E-04	8.70E-07	1.07E-04
3:Ins:R:1	2.76E-04	1.45E-08	3.86E-04	3.49E-04	5.96E-04	5.36E-04	4.64E-04
3:Ins:R:2	1.85E-04	1.68E-08	4.53E-05	2.73E-04	1.99E-04	3.10E-04	2.81E-04
3:Ins:R:3	1.86E-07	1.95E-08	1.85E-07	1.65E-07	3.13E-07	3.96E-07	3.17E-07
3:Ins:R:4	1.86E-07	1.95E-08	1.85E-07	1.65E-07	3.13E-07	3.96E-07	3.17E-07
3:Ins:R:5	1.86E-07	1.95E-08	1.85E-07	1.65E-07	3.13E-07	3.96E-07	3.17E-07
4:Ins:R:0	2.19E-07	1.06E-03	4.10E-04	1.12E-07	1.27E-03	3.84E-04	6.45E-07
4:Ins:R:1	1.94E-04	8.54E-05	2.79E-04	2.85E-04	4.65E-04	6.27E-04	6.36E-04
4:Ins:R:2	1.86E-07	1.95E-08	1.85E-07	1.65E-07	3.13E-07	3.96E-07	3.17E-07
4:Ins:R:3	1.35E-04	1.67E-08	1.84E-04	2.34E-04	2.60E-04	3.60E-04	1.18E-04
4:Ins:R:4	1.86E-07	1.95E-08	1.85E-07	1.65E-07	3.13E-07	3.96E-07	3.17E-07
4:Ins:R:5	1.86E-07	1.95E-08	1.85E-07	1.65E-07	3.13E-07	3.96E-07	3.17E-07
5:Ins:R:0	2.13E-07	2.74E-03	6.18E-03	1.14E-07	5.41E-03	4.26E-03	4.43E-07
5:Ins:R:1	2.22E-03	8.80E-09	2.04E-03	1.68E-03	3.47E-03	6.35E-03	4.83E-03
5:Ins:R:2	1.64E-04	1.72E-08	2.11E-04	1.59E-04	2.66E-04	4.31E-04	2.97E-04
5:Ins:R:3	1.86E-07	1.95E-08	1.85E-07	1.65E-07	3.13E-07	3.96E-07	3.17E-07
5:Ins:R:4	1.86E-07	1.95E-08	1.85E-07	1.65E-07	3.13E-07	3.96E-07	3.17E-07
5:Ins:R:5	1.86E-07	1.95E-08	1.85E-07	1.65E-07	3.13E-07	3.96E-07	3.17E-07
2:Del:M:1	3.25E-03	6.06E-04	2.15E-03	2.57E-03	4.02E-03	8.76E-03	3.67E-03
3:Del:M:1	5.65E-04	2.41E-04	6.51E-04	3.10E-04	9.23E-04	1.14E-03	8.22E-04
3:Del:M:2	1.86E-05	2.51E-04	1.75E-04	6.55E-04	2.12E-04	3.93E-04	2.33E-04
4:Del:M:1	9.48E-04	1.34E-08	9.95E-04	4.41E-04	1.67E-03	2.40E-03	2.17E-03
4:Del:M:2	2.14E-04	1.23E-08	2.10E-04	5.70E-04	3.08E-04	6.61E-04	5.27E-04
4:Del:M:3	8.16E-05	1.93E-08	1.22E-04	1.07E-04	1.11E-04	1.95E-04	2.88E-04
5:Del:M:1	3.09E-03	2.13E-04	2.07E-03	8.96E-08	9.46E-03	1.96E-02	1.29E-02
5:Del:M:2	4.36E-04	2.79E-04	1.12E-03	1.05E-03	1.83E-03	2.65E-03	2.06E-03
5:Del:M:3	3.59E-04	1.00E-08	7.65E-04	5.28E-04	9.37E-04	2.31E-03	1.92E-03
5:Del:M:4	7.64E-05	1.91E-08	1.19E-04	1.21E-04	3.22E-04	2.38E-04	2.21E-04
5:Del:M:5	1.86E-07	1.95E-08	1.85E-07	1.65E-07	3.13E-07	3.96E-07	3.17E-07
