MutationType	ID83A	ID83B	ID83C	ID83D	ID83E	ID83F	ID83G	ID83H
1:Del:C:0	2.56E-07	2.66E-07	4.75E-07	5.27E-07	4.56E-07	2.17E-07	3.69E-07	5.21E-07
1:Del:C:1	1.47E-02	1.62E-02	1.48E-02	1.38E-02	4.32E-03	8.52E-03	1.58E-02	1.07E-02
1:Del:C:2	1.39E-02	3.96E-03	1.06E-02	5.94E-03	2.47E-03	7.36E-03	3.70E-03	8.16E-03
1:Del:C:3	3.18E-03	8.05E-03	5.48E-03	1.31E-02	2.70E-03	3.54E-03	6.68E-03	8.99E-03
1:Del:C:4	2.23E-03	7.38E-03	5.15E-03	3.89E-03	9.30E-04	3.43E-03	5.03E-03	4.59E-03
1:Del:C:5	1.53E-03	2.87E-03	2.21E-03	4.26E-03	7.07E-03	4.94E-03	9.74E-03	5.99E-03
1:Del:T:0	2.56E-07	2.66E-07	4.75E-07	5.27E-07	4.56E-07	2.17E-07	3.69E-07	5.21E-07
1:Del:T:1	7.88E-03	5.71E-03	7.91E-03	8.25E-03	4.88E-03	9.32E-03	3.97E-03	1.38E-02
1:Del:T:2	2.03E-03	1.34E-03	6.68E-03	3.59E-03	8.06E-03	7.75E-04	2.73E-03	5.88E-03
1:Del:T:3	3.09E-04	1.23E-03	1.65E-03	2.34E-03	1.34E-03	5.03E-04	2.38E-03	6.55E-04
1:Del:T:4	2.56E-07	2.66E-07	4.75E-07	5.27E-07	4.56E-07	2.17E-07	3.69E-07	5.21E-07
1:Del:T:5	1.25E-03	1.81E-03	2.34E-03	1.21E-03	4.26E-03	1.52E-03	1.84E-03	2.13E-03
1:Ins:C:0	1.77E-03	1.46E-03	2.27E-03	1.75E-03	9.44E-04	1.03E-03	5.11E-04	2.96E-03
1:Ins:C:1	1.13E-03	8.06E-04	1.66E-03	1.68E-03	1.27E-03	3.28E-03	1.03E-03	2.13E-03
1:Ins:C:2	5.90E-04	6.95E-04	1.22E-03	1.67E-03	2.95E-03	1.59E-03	3.77E-03	1.95E-03
1:Ins:C:3	4.54E-04	2.10E-03	3.49E-03	2.08E-03	4.45E-03	2.28E-03	3.36E-03	2.13E-03
1:Ins:C:4	1.01E-03	2.74E-03	3.85E-03	4.91E-03	4.96E-04	5.37E-04	1.73E-03	4.12E-03
1:Ins:C:5	2.14E-03	9.49E-04	7.22E-04	5.51E-07	8.86E-04	7.74E-04	2.06E-04	1.46E-04
1:Ins:T:0	8.41E-04	5.50E-03	4.58E-03	3.83E-03	2.94E-03	3.25E-03	7.51E-03	3.30E-03
1:Ins:T:1	5.75E-03	4.39E-03	3.50E-03	6.24E-03	2.84E-03	4.90E-03	2.86E-03	1.56E-02
1:Ins:T:2	5.65E-03	4.61E-03	8.85E-03	6.18E-03	7.74E-03	1.38E-03	7.74E-03	5.93E-03
1:Ins:T:3	6.17E-04	7.37E-04	2.69E-03	1.54E-03	5.67E-04	5.41E-04	1.28E-03	1.24E-03
1:Ins:T:4	8.52E-04	1.13E-03	2.43E-03	1.74E-03	5.67E-04	1.35E-04	8.07E-04	1.57E-03
1:Ins:T:5	3.81E-03	3.75E-03	4.59E-03	5.50E-03	4.63E-03	8.33E-04	5.67E-03	4.60E-03
2:Del:R:0	1.41E-03	3.64E-04	1.77E-03	2.34E-03	2.53E-03	7.02E-03	7.62E-04	6.33E-04
2:Del:R:1	1.70E-04	2.85E-07	4.15E-07	1.08E-03	4.64E-07	2.94E-03	1.90E-04	5.10E-07
2:Del:R:2	2.56E-07	2.66E-07	4.75E-07	5.27E-07	4.56E-07	2.17E-07	3.69E-07	5.21E-07
2:Del:R:3	2.56E-07	2.66E-07	4.75E-07	5.27E-07	4.56E-07	2.17E-07	3.69E-07	5.21E-07
2:Del:R:4	2.56E-07	2.66E-07	4.75E-07	5.27E-07	4.56E-07	2.17E-07	3.69E-07	5.21E-07
2:Del:R:5	2.56E-07	2.66E-07	4.75E-07	5.27E-07	4.56E-07	2.17E-07	3.69E-07	5.21E-07
3:Del:R:0	2.11E-04	3.04E-07	4.17E-07	6.96E-04	7.18E-04	4.39E-03	3.81E-04	5.13E-07
3:Del:R:1	2.76E-04	9.71E-04	6.70E-04	1.62E-03	4.85E-03	1.44E-03	1.13E-03	2.64E-03
3:Del:R:2	2.56E-07	2.66E-07	4.75E-07	5.27E-07	4.56E-07	2.17E-07	3.69E-07	5.21E-07
3:Del:R:3	2.56E-07	2.66E-07	4.75E-07	5.27E-07	4.56E-07	2.17E-07	3.69E-07	5.21E-07
3:Del:R:4	2.56E-07	2.66E-07	4.75E-07	5.27E-07	4.56E-07	2.17E-07	3.69E-07	5.21E-07
3:Del:R:5	2.56E-07	2.66E-07	4.75E-07	5.27E-07	4.56E-07	2.17E-07	3.69E-07	5.21E-07
4:Del:R:0	2.62E-03	1.36E-03	5.36E-03	3.27E-03	1.60E-03	4.90E-03	1.68E-03	3.23E-03
4:Del:R:1	2.56E-07	2.66E-07	4.75E-07	5.27E-07	4.56E-07	2.17E-07	3.69E-07	5.21E-07
4:Del:R:2	2.56E-07	2.66E-07	4.75E-07	5.27E-07	4.56E-07	2.17E-07	3.69E-07	5.21E-07
4:Del:R:3	2.56E-07	2.66E-07	4.75E-07	5.27E-07	4.56E-07	2.17E-07	3.69E-07	5.21E-07
4:Del:R:4	2.56E-07	2.66E-07	4.75E-07	5.27E-07	4.56E-07	2.17E-07	3.69E-07	5.21E-07
4:Del:R:5	2.56E-07	2.66E-07	4.75E-07	5.27E-07	4.56E-07	2.17E-07	3.69E-07	5.21E-07
5:Del:R:0	3.57E-03	4.69E-03	1.13E-02	5.32E-03	1.88E-02	4.83E-03	8.84E-03	1.34E-02
5:Del:R:1	2.58E-07	2.69E-07	4.71E-07	2.70E-04	3.59E-04	2.60E-03	1.90E-04	5.09E-07
5:Del:R:2	2.56E-07	2.66E-07	4.75E-07	5.27E-07	4.56E-07	2.17E-07	3.69E-07	5.21E-07
5:Del:R:3	2.56E-07	2.66E-07	4.75E-07	5.27E-07	4.56E-07	2.17E-07	3.69E-07	5.21E-07
5:Del:R:4	2.56E-07	2.66E-07	4.75E-07	5.27E-07	4.56E-07	2.17E-07	3.69E-07	5.21E-07
5:Del:R:5	2.56E-07	2.66E-07	4.75E-07	5.27E-07	4.56E-07	2.17E-07	3.69E-07	5.21E-07
2:Ins:R:0	1.86E-03	2.62E-03	2.93E-03	1.31E-03	2.72E-03	1.23E-03	1.32E-03	1.25E-03
2:Ins:R:1	2.56E-07	2.66E-07	4.75E-07	5.27E-07	4.56E-07	2.17E-07	3.69E-07	5.21E-07
2:Ins:R:2	2.56E-07	2.66E-07	4.75E-07	5.27E-07	4.56E-07	2.17E-07	3.69E-07	5.21E-07
2:Ins:R:3	2.56E-07	2.66E-07	4.75E-07	5.27E-07	4.56E-07	2.17E-07	3.69E-07	5.21E-07
2:Ins:R:4	2.56E-07	2.66E-07	4.75E-07	5.27E-07	4.56E-07	2.17E-07	3.69E-07	5.21E-07
2:Ins:R:5	2.56E-07	2.66E-07	4.75E-07	5.27E-07	4.56E-07	2.17E-07	3.69E-07	5.21E-07
3:Ins:R:0	1.01E-03	1.60E-03	1.68E-03	3.10E-03	4.84E-04	1.10E-03	5.65E-03	2.32E-03
3:Ins:R:1	1.25E-03	3.18E-03	2.45E-03	2.81E-03	3.90E-03	1.60E-03	4.00E-03	5.06E-03
3:Ins:R:2	2.56E-07	2.66E-07	4.75E-07	5.27E-07	4.56E-07	2.17E-07	3.69E-07	5.21E-07
3:Ins:R:3	2.56E-07	2.66E-07	4.75E-07	5.27E-07	4.56E-07	2.17E-07	3.69E-07	5.21E-07
3:Ins:R:4	2.56E-07	2.66E-07	4.75E-07	5.27E-07	4.56E-07	2.17E-07	3.69E-07	5.21E-07
3:Ins:R:5	2.56E-07	2.66E-07	4.75E-07	5.27E-07	4.56E-07	2.17E-07	3.69E-07	5.21E-07
4:Ins:R:0	7.65E-04	2.40E-03	1.62E-03	7.28E-04	7.46E-04	6.89E-04	3.28E-03	9.83E-04
4:Ins:R:1	2.37E-07	2.79E-07	4.48E-07	2.32E-04	4.64E-07	3.05E-03	1.90E-04	5.19E-07
4:Ins:R:2	2.56E-07	2.66E-07	4.75E-07	5.27E-07	4.56E-07	2.17E-07	3.69E-07	5.21E-07
4:Ins:R:3	2.56E-07	2.66E-07	4.75E-07	5.27E-07	4.56E-07	2.17E-07	3.69E-07	5.21E-07
4:Ins:R:4	2.56E-07	2.66E-07	4.75E-07	5.27E-07	4.56E-07	2.17E-07	3.69E-07	5.21E-07
4:Ins:R:5	2.56E-07	2.66E-07	4.75E-07	5.27E-07	4.56E-07	2.17E-07	3.69E-07	5.21E-07
5:Ins:R:0	8.03E-03	2.49E-03	6.59E-03	1.04E-02	1.00E-02	1.67E-03	2.32E-03	7.26E-03
5:Ins:R:1	1.27E-03	5.08E-03	4.26E-03	5.46E-03	1.02E-03	3.14E-04	4.11E-03	7.18E-03
5:Ins:R:2	2.56E-07	2.66E-07	4.75E-07	5.27E-07	4.56E-07	2.17E-07	3.69E-07	5.21E-07
5:Ins:R:3	2.56E-07	2.66E-07	4.75E-07	5.27E-07	4.56E-07	2.17E-07	3.69E-07	5.21E-07
5:Ins:R:4	2.56E-07	2.66E-07	4.75E-07	5.27E-07	4.56E-07	2.17E-07	3.69E-07	5.21E-07
5:Ins:R:5	2.56E-07	2.66E-07	4.75E-07	5.27E-07	4.56E-07	2.17E-07	3.69E-07	5.21E-07
2:Del:M:1	2.13E-03	4.18E-03	2.82E-03	4.71E-03	2.05E-03	5.75E-03	1.54E-02	3.48E-03
3:Del:M:1	1.25E-03	1.64E-03	8.10E-04	2.27E-03	2.87E-03	1.27E-03	2.19E-03	1.98E-03
3:Del:M:2	1.54E-04	1.05E-03	7.20E-04	2.41E-03	1.24E-03	2.35E-04	2.42E-03	1.12E-03
4:Del:M:1	2.56E-07	2.66E-07	4.75E-07	5.27E-07	4.56E-07	2.17E-07	3.69E-07	5.21E-07
4:Del:M:2	2.56E-07	2.66E-07	4.75E-07	5.27E-07	4.56E-07	2.17E-07	3.69E-07	5.21E-07
4:Del:M:3	3.09E-07	2.12E-03	4.87E-07	1.77E-03	5.12E-07	1.71E-04	2.17E-03	2.57E-03
5:Del:M:1	3.43E-03	4.66E-03	5.08E-03	9.56E-03	8.94E-03	1.87E-03	7.97E-03	9.60E-03
5:Del:M:2	7.16E-04	1.69E-03	1.51E-03	2.59E-03	1.19E-03	2.92E-03	2.10E-03	1.21E-03
5:Del:M:3	1.49E-03	9.24E-04	7.43E-03	4.05E-03	8.08E-03	4.07E-03	6.10E-03	5.60E-03
5:Del:M:4	6.19E-04	5.46E-04	1.97E-03	8.35E-04	5.17E-04	2.01E-07	5.55E-04	6.46E-04
5:Del:M:5	2.56E-07	2.66E-07	4.75E-07	5.27E-07	4.56E-07	2.17E-07	3.69E-07	5.21E-07
