MutationType	TCGA_44_A479_01A	TCGA_49_AARE_01A	TCGA_49_AARN_01A	TCGA_49_AARO_01A	TCGA_49_AARQ_01A	TCGA_4B_A93V_01A	TCGA_55_7913_01B	TCGA_55_8508_01A	TCGA_55_8514_01A	TCGA_69_A59K_01A	TCGA_86_7714_01A	TCGA_99_8025_01A	TCGA_99_8028_01A	TCGA_99_AA5R_01A	TCGA_L9_A5IP_01A	TCGA_L9_A8F4_01A	TCGA_NJ_A4YF_01A	TCGA_S2_AA1A_01A
AC>CA	0	0	0	0	0	0	0	0	0	0	0	0	0	0	0	0	0	0
AC>CG	0	0	0	0	0	0	0	0	0	0	0	0	0	0	0	0	0	0
AC>CT	0	0	0	0	0	0	0	0	0	0	0	0	0	0	0	0	0	0
AC>GA	0	0	0	0	0	0	0	0	0	0	0	0	0	0	0	0	0	0
AC>GG	0	0	0	0	0	0	0	0	0	0	0	0	0	0	0	0	0	0
AC>GT	0	0	0	0	0	0	0	0	0	0	0	0	0	0	0	0	0	0
AC>TA	0	1	0	0	0	0	0	0	0	0	0	0	0	0	0	0	0	0
AC>TG	0	0	0	0	0	0	0	0	0	0	0	0	0	0	0	0	0	0
AC>TT	0	0	0	0	0	0	0	0	0	0	0	0	0	0	0	1	0	0
AT>CA	0	0	0	0	0	0	0	0	0	0	0	0	0	0	0	0	0	0
AT>CC	0	0	0	0	0	0	0	0	0	0	0	0	0	0	0	0	0	0
AT>CG	0	0	0	0	0	0	0	0	0	0	0	0	0	0	0	0	0	0
AT>GA	0	0	0	0	0	0	0	0	0	0	0	0	0	0	0	0	0	0
AT>GC	0	0	0	0	0	0	0	0	0	0	0	0	0	0	0	0	0	0
AT>TA	0	0	0	0	0	0	0	0	0	0	0	0	0	0	0	0	1	0
CC>AA	6	7	3	9	6	1	3	3	0	4	1	3	5	1	1	6	3	2
CC>AG	0	3	2	1	1	0	0	1	0	0	0	0	1	0	1	0	0	0
CC>AT	1	0	0	1	0	1	0	0	0	1	0	1	1	0	0	2	1	1
CC>GA	0	1	0	0	0	0	0	0	0	0	0	0	0	0	0	0	0	1
CC>GG	0	0	0	0	0	0	0	0	0	0	0	0	0	0	0	0	0	0
CC>GT	0	0	0	0	1	0	0	0	0	0	0	0	0	0	0	0	0	0
CC>TA	0	0	0	1	0	1	0	0	0	0	0	0	0	0	0	0	0	0
CC>TG	0	0	0	0	0	0	0	0	0	0	0	0	0	0	0	0	0	0
CC>TT	0	1	1	0	1	0	0	0	2	0	0	0	0	0	0	0	1	0
CG>AT	0	0	0	0	0	0	0	0	0	0	0	0	0	0	1	0	0	0
CG>GC	0	0	0	0	0	0	0	0	1	0	0	0	0	0	0	0	0	0
CG>GT	0	0	0	0	0	0	0	0	0	0	0	1	0	0	0	0	0	0
CG>TA	0	0	0	0	0	0	0	0	0	0	0	0	0	0	0	0	0	0
CG>TC	0	0	0	0	0	0	0	0	0	0	0	0	0	0	0	0	0	0
CG>TT	1	0	0	0	1	0	0	0	0	1	0	1	0	0	0	1	0	0
CT>AA	0	0	0	1	0	0	1	0	0	1	0	0	0	0	0	1	0	1
CT>AC	0	0	0	0	0	0	0	0	0	0	0	0	0	0	0	0	0	0
CT>AG	0	0	0	0	0	0	0	1	0	0	0	0	0	0	1	0	0	0
CT>GA	0	0	0	0	0	0	0	0	0	0	0	0	0	0	0	0	0	0
CT>GC	0	0	0	0	0	0	0	0	0	0	0	0	0	0	0	0	0	0
CT>GG	0	0	0	0	0	0	0	0	0	0	0	0	0	0	0	0	0	0
CT>TA	0	1	0	0	0	0	0	0	1	0	0	0	0	0	0	0	0	0
CT>TC	0	0	0	0	0	0	0	0	0	0	0	0	0	0	0	0	0	0
CT>TG	0	0	0	0	0	0	0	0	0	0	0	0	0	0	0	0	0	0
GC>AA	0	0	2	0	0	0	0	0	0	0	0	0	0	0	0	1	1	0
GC>AG	0	0	0	0	0	0	0	0	0	0	0	0	0	0	0	0	0	0
GC>AT	0	0	0	0	0	0	0	0	0	0	0	0	0	0	0	0	0	0
GC>CA	0	0	0	0	0	0	0	0	0	1	0	0	0	0	0	0	0	0
GC>CG	0	0	0	0	0	0	0	0	0	0	0	0	0	0	0	0	0	0
GC>TA	0	0	0	0	0	0	0	0	0	0	0	0	0	0	0	0	0	0
TA>AT	0	0	0	0	0	0	0	0	0	0	0	0	0	0	0	0	0	0
TA>CG	0	0	0	0	0	0	0	0	0	0	0	0	0	0	0	0	0	0
TA>CT	0	0	0	0	0	0	0	0	0	0	0	0	0	0	0	0	0	0
TA>GC	0	0	0	0	0	0	0	0	0	0	0	0	0	0	0	0	0	0
TA>GG	0	0	0	0	0	0	0	0	0	0	0	0	0	0	0	0	0	0
TA>GT	0	0	0	0	0	0	0	0	0	0	0	0	0	0	0	0	0	0
TC>AA	0	0	0	0	1	0	0	0	0	0	0	1	0	0	0	0	0	0
TC>AG	0	0	0	0	1	0	0	0	0	0	0	0	0	0	0	0	0	0
TC>AT	0	0	0	0	0	0	1	0	0	0	0	0	0	0	0	0	0	0
TC>CA	0	0	0	0	0	0	0	1	0	0	0	0	0	0	0	0	0	0
TC>CG	0	0	0	0	0	0	0	0	0	0	0	0	0	0	0	0	0	0
TC>CT	1	0	0	0	0	0	0	0	0	0	0	0	0	0	0	0	0	0
TC>GA	0	0	0	0	0	0	0	0	0	0	0	0	0	0	0	0	0	0
TC>GG	0	0	0	0	0	0	0	0	0	0	0	0	0	0	0	0	0	0
TC>GT	0	0	0	0	0	0	0	0	0	0	0	0	0	0	0	0	0	0
TG>AA	0	0	0	0	0	0	0	0	0	0	0	0	0	1	0	1	0	0
TG>AC	0	0	0	0	0	0	0	0	0	0	0	0	0	0	0	0	0	0
TG>AT	0	0	0	0	1	0	0	0	1	0	0	0	0	0	0	0	1	0
TG>CA	0	0	0	0	0	0	0	0	0	0	0	0	0	0	0	0	0	0
TG>CC	0	0	0	0	0	0	0	0	0	0	0	0	0	0	0	0	0	0
TG>CT	0	0	0	1	0	0	0	1	0	1	0	0	0	0	0	0	1	0
TG>GA	0	0	0	0	0	0	0	0	0	0	0	0	0	0	0	0	0	0
TG>GC	0	0	0	0	0	0	0	0	0	0	0	0	0	0	0	0	0	0
TG>GT	0	0	0	0	0	0	0	0	0	0	0	0	0	0	0	0	0	0
TT>AA	0	0	0	0	0	0	0	0	0	0	0	0	0	0	0	0	0	0
TT>AC	0	0	0	0	0	0	0	0	0	0	0	0	0	0	0	0	0	0
TT>AG	0	0	0	1	0	0	0	0	0	0	0	0	0	0	0	0	0	0
TT>CA	0	0	0	0	0	0	0	0	0	0	0	0	0	0	0	0	0	0
TT>CC	0	0	0	0	0	0	0	0	0	0	0	0	0	0	0	0	0	0
TT>CG	0	0	0	0	0	0	0	0	0	0	0	0	0	0	0	0	0	0
TT>GA	0	0	0	0	0	0	0	0	0	0	0	0	0	0	0	0	0	0
TT>GC	0	0	0	0	0	0	0	0	0	0	0	0	0	0	0	0	0	0
TT>GG	0	0	0	0	0	0	0	0	0	0	0	0	0	0	0	0	0	0
