MutationType	DBS78A	DBS78B	DBS78C	DBS78D	DBS78E	DBS78F	DBS78G	DBS78H	DBS78I	DBS78J
AC>CA	8.20E-07	6.47E-04	4.29E-03	3.06E-03	1.40E-03	1.80E-03	3.12E-03	2.99E-03	2.72E-03	5.04E-03
AC>CG	8.83E-08	4.63E-07	7.92E-07	4.08E-07	3.31E-07	5.61E-07	8.21E-07	6.06E-07	5.61E-07	6.80E-07
AC>CT	1.09E-04	8.61E-04	3.66E-03	1.29E-03	9.91E-04	1.83E-03	2.54E-03	3.35E-03	2.20E-03	4.32E-03
AC>GA	1.40E-04	9.43E-04	2.66E-03	1.09E-03	4.41E-04	1.39E-03	2.49E-03	1.03E-03	4.51E-03	1.05E-03
AC>GG	8.83E-08	4.63E-07	7.92E-07	4.08E-07	3.31E-07	5.61E-07	8.21E-07	6.06E-07	5.61E-07	6.80E-07
AC>GT	8.83E-08	4.63E-07	7.92E-07	4.08E-07	3.31E-07	5.61E-07	8.21E-07	6.06E-07	5.61E-07	6.80E-07
AC>TA	3.19E-07	1.26E-03	4.79E-03	1.61E-03	1.77E-03	2.43E-03	3.26E-03	1.83E-03	1.46E-03	3.00E-03
AC>TG	8.83E-08	4.63E-07	7.92E-07	4.08E-07	3.31E-07	5.61E-07	8.21E-07	6.06E-07	5.61E-07	6.80E-07
AC>TT	4.06E-07	7.65E-04	2.76E-03	1.01E-03	3.86E-04	1.92E-03	2.56E-03	1.14E-03	2.86E-03	5.52E-04
AT>CA	8.83E-08	4.63E-07	7.92E-07	4.08E-07	3.31E-07	5.61E-07	8.21E-07	6.06E-07	5.61E-07	6.80E-07
AT>CC	8.83E-08	4.63E-07	7.92E-07	4.08E-07	3.31E-07	5.61E-07	8.21E-07	6.06E-07	5.61E-07	6.80E-07
AT>CG	8.83E-08	4.63E-07	7.92E-07	4.08E-07	3.31E-07	5.61E-07	8.21E-07	6.06E-07	5.61E-07	6.80E-07
AT>GA	5.72E-05	4.36E-04	1.94E-03	7.32E-04	8.31E-04	6.93E-04	9.10E-04	1.12E-03	1.96E-03	1.96E-03
AT>GC	8.83E-08	4.63E-07	7.92E-07	4.08E-07	3.31E-07	5.61E-07	8.21E-07	6.06E-07	5.61E-07	6.80E-07
AT>TA	8.83E-08	4.63E-07	7.92E-07	4.08E-07	3.31E-07	5.61E-07	8.21E-07	6.06E-07	5.61E-07	6.80E-07
CC>AA	1.28E-03	4.11E-03	8.55E-03	5.99E-03	2.79E-03	6.43E-03	2.06E-02	1.62E-02	1.07E-02	1.08E-02
CC>AG	1.74E-07	7.13E-03	1.92E-03	8.13E-07	1.73E-02	2.30E-03	1.64E-06	8.45E-04	8.79E-07	1.36E-06
CC>AT	4.07E-07	1.32E-02	3.23E-03	1.11E-06	1.21E-06	4.51E-04	1.94E-03	3.69E-03	1.19E-06	6.36E-03
CC>GA	4.57E-04	4.29E-03	2.26E-02	5.24E-03	4.38E-03	7.93E-03	6.68E-03	7.50E-03	1.11E-02	7.26E-03
CC>GG	2.82E-04	5.56E-04	6.48E-03	2.23E-03	3.22E-03	3.74E-03	2.56E-03	4.35E-03	7.95E-03	1.36E-03
CC>GT	3.28E-07	8.73E-04	4.74E-03	1.05E-03	1.93E-03	3.48E-03	2.23E-03	2.31E-03	2.67E-03	3.03E-03
CC>TA	2.64E-07	3.46E-03	1.29E-02	6.51E-03	3.65E-03	5.85E-03	1.35E-02	6.74E-03	6.46E-03	4.94E-03
CC>TG	7.50E-05	1.03E-03	6.60E-03	2.88E-03	4.59E-03	7.28E-03	6.47E-03	4.76E-03	6.22E-03	5.03E-03
CC>TT	7.09E-07	4.68E-03	1.13E-03	3.42E-03	4.27E-03	6.91E-04	2.36E-03	3.86E-03	2.26E-02	6.37E-03
CG>AT	1.15E-04	1.25E-03	1.34E-03	4.76E-04	1.23E-03	2.14E-03	1.55E-03	1.89E-03	3.06E-03	1.42E-03
CG>GC	4.31E-05	4.54E-04	9.29E-04	7.11E-04	1.17E-03	5.33E-04	1.89E-03	1.31E-03	1.37E-03	9.48E-04
CG>GT	1.50E-04	3.30E-04	4.32E-03	4.14E-03	1.03E-04	1.79E-03	3.93E-03	2.91E-03	5.21E-03	2.05E-03
CG>TA	8.83E-08	4.63E-07	7.92E-07	4.08E-07	3.31E-07	5.61E-07	8.21E-07	6.06E-07	5.61E-07	6.80E-07
CG>TC	4.31E-04	4.62E-03	7.28E-03	1.78E-03	2.00E-03	4.72E-03	1.07E-02	5.70E-03	3.55E-03	8.91E-03
CG>TT	1.83E-07	4.65E-03	2.39E-03	6.62E-03	3.89E-03	2.57E-02	4.47E-03	8.07E-03	9.83E-03	1.02E-02
CT>AA	1.08E-06	4.42E-03	2.09E-03	8.68E-03	5.82E-03	4.67E-03	1.21E-03	2.19E-02	3.14E-03	5.45E-04
CT>AC	2.57E-05	5.33E-04	1.86E-03	9.91E-04	6.65E-04	1.14E-03	1.45E-03	1.25E-03	1.38E-03	1.19E-03
CT>AG	2.90E-04	1.19E-03	3.81E-03	2.65E-03	3.37E-03	1.63E-03	5.94E-03	4.67E-03	3.03E-03	2.96E-03
CT>GA	3.06E-07	2.22E-04	2.45E-03	6.41E-04	3.61E-04	6.65E-04	9.23E-04	1.34E-03	8.94E-04	2.40E-03
CT>GC	8.83E-08	4.63E-07	7.92E-07	4.08E-07	3.31E-07	5.61E-07	8.21E-07	6.06E-07	5.61E-07	6.80E-07
CT>GG	3.39E-07	1.91E-04	2.11E-03	8.79E-04	6.57E-07	1.26E-03	9.45E-04	1.72E-03	1.56E-03	2.57E-04
CT>TA	4.23E-07	1.86E-03	1.46E-02	6.11E-03	2.23E-03	6.90E-03	5.69E-03	9.22E-03	9.13E-03	5.52E-03
CT>TC	8.83E-08	4.63E-07	7.92E-07	4.08E-07	3.31E-07	5.61E-07	8.21E-07	6.06E-07	5.61E-07	6.80E-07
CT>TG	2.70E-05	1.61E-04	3.19E-03	2.12E-03	7.32E-04	2.79E-03	2.55E-03	2.60E-03	3.26E-03	1.79E-03
GC>AA	2.28E-07	6.11E-03	8.68E-04	6.71E-03	4.38E-03	4.96E-03	1.12E-03	3.82E-03	2.46E-03	2.31E-02
GC>AG	6.77E-05	2.29E-03	5.91E-03	2.44E-03	3.37E-03	4.76E-03	4.69E-03	4.79E-03	5.26E-03	7.09E-03
GC>AT	9.48E-05	1.68E-03	3.58E-03	1.69E-03	8.85E-04	2.84E-03	3.71E-03	3.27E-03	2.41E-03	1.72E-03
GC>CA	4.42E-04	3.22E-03	5.00E-03	2.08E-03	1.88E-03	5.34E-03	9.00E-03	6.15E-03	2.20E-03	5.66E-03
GC>CG	8.83E-08	4.63E-07	7.92E-07	4.08E-07	3.31E-07	5.61E-07	8.21E-07	6.06E-07	5.61E-07	6.80E-07
GC>TA	6.43E-05	8.15E-04	1.04E-03	9.16E-04	7.60E-04	2.08E-03	1.36E-03	1.56E-03	9.62E-04	7.80E-04
TA>AT	8.76E-05	5.33E-04	1.78E-03	7.58E-04	5.19E-04	9.26E-04	1.54E-03	1.84E-03	2.15E-03	8.30E-04
TA>CG	8.83E-08	4.63E-07	7.92E-07	4.08E-07	3.31E-07	5.61E-07	8.21E-07	6.06E-07	5.61E-07	6.80E-07
TA>CT	3.14E-07	2.17E-04	1.26E-03	5.39E-04	1.22E-03	1.10E-03	8.94E-04	1.15E-03	2.06E-03	8.89E-04
TA>GC	8.83E-08	4.63E-07	7.92E-07	4.08E-07	3.31E-07	5.61E-07	8.21E-07	6.06E-07	5.61E-07	6.80E-07
TA>GG	8.83E-08	4.63E-07	7.92E-07	4.08E-07	3.31E-07	5.61E-07	8.21E-07	6.06E-07	5.61E-07	6.80E-07
TA>GT	1.23E-04	6.99E-04	3.75E-03	1.45E-03	9.61E-04	1.73E-03	2.39E-03	7.11E-04	4.74E-03	1.58E-03
TC>AA	3.22E-07	3.01E-03	4.89E-03	9.77E-03	5.03E-03	7.64E-03	2.65E-02	9.16E-03	8.31E-03	1.10E-02
TC>AG	2.90E-05	1.24E-03	4.31E-03	3.37E-03	2.53E-03	2.79E-03	4.59E-03	4.84E-03	4.74E-03	3.01E-03
TC>AT	5.28E-05	9.62E-04	3.65E-03	3.60E-03	1.71E-03	2.11E-03	6.98E-03	5.41E-03	4.43E-03	4.08E-03
TC>CA	3.12E-07	1.37E-03	7.59E-03	1.37E-03	1.35E-03	3.59E-03	5.00E-03	3.47E-03	2.29E-03	5.19E-03
TC>CG	8.83E-08	4.63E-07	7.92E-07	4.08E-07	3.31E-07	5.61E-07	8.21E-07	6.06E-07	5.61E-07	6.80E-07
TC>CT	1.01E-04	1.55E-03	5.90E-03	4.15E-03	1.63E-03	6.85E-03	4.71E-03	3.14E-03	6.46E-03	5.95E-03
TC>GA	1.09E-04	2.62E-04	2.01E-03	1.40E-03	6.21E-04	4.00E-04	1.50E-03	5.94E-04	2.30E-03	7.36E-04
TC>GG	5.26E-05	3.64E-04	1.28E-03	9.77E-04	8.24E-04	2.05E-03	6.57E-04	1.59E-03	1.56E-03	1.69E-03
TC>GT	1.04E-04	6.67E-04	1.63E-03	3.79E-04	3.20E-04	4.98E-04	1.60E-03	2.12E-03	6.01E-04	1.00E-03
TG>AA	1.93E-07	1.94E-03	1.43E-02	3.81E-03	2.88E-03	7.04E-03	5.39E-03	7.95E-03	6.63E-03	6.90E-03
TG>AC	3.24E-07	3.48E-04	1.36E-03	7.50E-04	7.52E-04	1.30E-03	2.23E-03	1.26E-03	1.24E-03	1.40E-03
TG>AT	3.80E-07	5.83E-03	1.42E-02	4.97E-03	4.76E-03	2.55E-02	9.63E-03	1.37E-02	1.17E-02	7.98E-03
TG>CA	3.23E-07	1.42E-04	1.26E-03	9.57E-04	4.25E-04	1.80E-03	2.28E-03	8.11E-04	1.48E-03	5.01E-04
TG>CC	8.83E-08	4.63E-07	7.92E-07	4.08E-07	3.31E-07	5.61E-07	8.21E-07	6.06E-07	5.61E-07	6.80E-07
TG>CT	1.42E-07	5.36E-03	3.36E-03	1.71E-02	1.04E-06	5.30E-03	4.46E-03	1.86E-03	2.99E-03	4.91E-03
TG>GA	6.32E-07	1.04E-03	5.64E-03	1.15E-03	1.35E-03	2.94E-03	1.38E-03	2.96E-03	3.34E-03	2.41E-03
TG>GC	8.83E-08	4.63E-07	7.92E-07	4.08E-07	3.31E-07	5.61E-07	8.21E-07	6.06E-07	5.61E-07	6.80E-07
TG>GT	5.36E-04	3.34E-03	7.16E-03	2.75E-03	2.50E-03	3.97E-03	7.15E-03	6.68E-03	5.66E-03	3.26E-03
TT>AA	1.16E-04	1.96E-03	4.56E-03	3.21E-03	3.16E-03	2.90E-03	4.01E-03	4.27E-03	4.14E-03	4.36E-03
TT>AC	8.77E-05	1.24E-03	2.68E-03	1.58E-03	7.85E-04	2.51E-03	2.06E-03	9.95E-04	1.56E-03	2.86E-03
TT>AG	2.64E-05	3.38E-04	1.67E-03	5.89E-04	2.25E-04	9.97E-04	1.04E-03	9.53E-04	9.92E-04	1.55E-03
TT>CA	1.36E-04	1.06E-03	1.36E-03	2.17E-03	1.34E-03	9.86E-04	2.16E-03	1.24E-03	1.86E-03	1.14E-03
TT>CC	8.83E-08	4.63E-07	7.92E-07	4.08E-07	3.31E-07	5.61E-07	8.21E-07	6.06E-07	5.61E-07	6.80E-07
TT>CG	8.83E-08	4.63E-07	7.92E-07	4.08E-07	3.31E-07	5.61E-07	8.21E-07	6.06E-07	5.61E-07	6.80E-07
TT>GA	2.95E-07	2.33E-04	1.12E-03	6.70E-04	8.06E-04	1.42E-03	1.31E-03	1.01E-03	1.28E-03	1.61E-03
TT>GC	8.83E-08	4.63E-07	7.92E-07	4.08E-07	3.31E-07	5.61E-07	8.21E-07	6.06E-07	5.61E-07	6.80E-07
TT>GG	8.83E-08	4.63E-07	7.92E-07	4.08E-07	3.31E-07	5.61E-07	8.21E-07	6.06E-07	5.61E-07	6.80E-07
