NMF_Replicate	L1	L1 %	L2	L2 %	KL Divergence	Correlation	Convergence Iterations
1	104.555	43.441	16.848	37.213	0.248	0.86	50000.0
2	106.05	44.346	16.641	37.097	0.271	0.842	30000.0
3	102.637	42.083	16.419	36.001	0.235	0.861	30000.0
4	105.773	47.021	16.456	38.171	0.284	0.838	70000.0
5	96.622	43.526	14.995	36.603	0.254	0.85	30000.0
6	97.973	43.459	15.616	36.278	0.261	0.85	70000.0
7	104.372	43.141	16.649	36.458	0.258	0.854	30000.0
8	100.369	42.924	15.782	36.074	0.253	0.856	30000.0
9	105.618	45.51	16.429	37.073	0.281	0.844	50000.0
10	102.095	45.308	16.009	36.634	0.284	0.839	30000.0
11	101.65	43.559	15.772	35.565	0.274	0.851	50000.0
12	102.953	44.155	16.538	37.201	0.254	0.85	30000.0
13	105.893	43.328	16.147	35.886	0.25	0.863	30000.0
14	108.821	44.063	17.032	37.1	0.262	0.855	50000.0
15	102.683	41.863	15.897	35.464	0.234	0.867	30000.0
16	102.116	41.448	16.162	35.057	0.245	0.867	30000.0
17	108.812	44.622	17.284	37.404	0.26	0.851	30000.0
18	105.768	42.075	16.468	35.369	0.233	0.867	40000.0
19	103.561	43.663	16.288	37.104	0.246	0.851	50000.0
20	101.994	43.823	16.453	36.7	0.269	0.849	30000.0
21	100.108	43.477	15.494	35.579	0.253	0.857	40000.0
22	105.124	44.696	16.105	37.372	0.27	0.843	40000.0
23	99.064	44.024	15.796	36.454	0.264	0.845	30000.0
24	104.456	44.032	16.281	36.784	0.256	0.85	30000.0
25	101.981	42.929	16.149	35.941	0.253	0.861	40000.0
26	103.255	42.367	16.461	36.349	0.237	0.858	40000.0
27	102.985	42.709	16.113	35.621	0.243	0.866	20000.0
28	99.599	43.52	15.494	36.327	0.26	0.85	50000.0
29	104.348	43.754	16.325	35.875	0.259	0.851	40000.0
30	104.253	43.757	16.542	36.877	0.248	0.854	50000.0
31	102.104	45.33	16.28	37.739	0.278	0.841	30000.0
32	104.814	42.757	16.618	36.324	0.244	0.855	50000.0
33	107.98	46.28	16.824	37.688	0.29	0.842	40000.0
34	97.017	41.743	14.947	35.084	0.239	0.869	30000.0
35	99.117	43.791	15.395	36.292	0.274	0.844	40000.0
36	103.48	43.261	16.25	36.122	0.263	0.854	60000.0
37	102.113	44.693	15.841	36.77	0.273	0.842	30000.0
38	100.565	44.249	15.478	36.499	0.261	0.857	60000.0
39	104.373	45.154	16.403	37.632	0.271	0.837	60000.0
40	108.344	44.651	16.974	37.52	0.265	0.845	40000.0
41	99.955	45.155	15.552	36.97	0.288	0.843	50000.0
42	97.499	43.456	15.043	35.308	0.27	0.857	40000.0
43	102.549	44.961	15.781	36.703	0.27	0.847	30000.0
44	104.211	44.737	16.324	36.62	0.274	0.85	30000.0
45	101.733	43.841	16.12	36.475	0.267	0.85	40000.0
46	106.922	43.551	16.483	36.552	0.26	0.848	40000.0
47	100.052	41.891	15.744	35.226	0.238	0.863	20000.0
48	102.74	45.954	16.158	37.303	0.29	0.842	50000.0
49	98.339	41.7	15.339	35.015	0.251	0.862	100000.0
50	101.63	43.834	16.074	37.114	0.251	0.852	60000.0
51	106.759	45.777	16.497	38.172	0.272	0.832	30000.0
52	100.53	42.567	15.555	35.516	0.246	0.857	40000.0
53	104.508	43.828	17.009	36.976	0.26	0.85	60000.0
54	101.89	44.057	15.651	36.185	0.266	0.848	40000.0
55	102.459	43.876	15.889	36.843	0.267	0.845	60000.0
56	105.421	44.882	16.598	37.159	0.27	0.85	30000.0
57	105.642	45.723	16.408	37.797	0.272	0.837	50000.0
58	102.702	44.235	16.126	36.893	0.266	0.846	40000.0
59	102.504	42.364	15.645	35.319	0.237	0.863	50000.0
60	98.677	42.531	15.287	35.661	0.252	0.857	30000.0
61	105.093	44.881	16.772	38.405	0.266	0.838	50000.0
62	99.819	42.942	15.761	36.15	0.257	0.851	30000.0
63	102.674	42.311	15.864	35.314	0.241	0.865	40000.0
64	102.568	43.512	16.368	37.189	0.265	0.848	20000.0
65	114.148	45.106	18.387	38.397	0.265	0.846	20000.0
66	105.416	43.622	16.228	36.587	0.257	0.853	80000.0
67	104.297	44.714	16.153	36.616	0.273	0.849	20000.0
68	100.711	43.774	16.062	36.182	0.254	0.857	60000.0
69	105.735	45.289	17.041	37.874	0.27	0.839	30000.0
70	98.179	44.45	15.404	36.545	0.284	0.835	20000.0
71	99.149	44.827	15.324	36.454	0.273	0.846	60000.0
72	101.453	44.637	16.21	37.103	0.278	0.842	30000.0
73	101.723	44.588	15.567	36.655	0.273	0.841	40000.0
74	100.143	44.022	15.468	36.747	0.269	0.849	30000.0
75	104.557	43.104	16.573	36.62	0.242	0.86	60000.0
76	101.611	41.952	16.066	35.439	0.238	0.87	50000.0
77	105.218	43.907	16.596	36.555	0.258	0.853	70000.0
78	102.765	40.834	15.811	34.153	0.228	0.874	30000.0
79	104.993	45.977	16.197	37.247	0.277	0.846	30000.0
80	102.159	44.085	15.97	36.822	0.266	0.852	20000.0
81	98.796	44.555	15.448	36.205	0.271	0.844	40000.0
82	102.82	43.366	15.922	35.751	0.255	0.862	40000.0
83	103.6	43.508	16.46	36.339	0.265	0.853	40000.0
84	100.932	44.682	15.769	35.68	0.275	0.859	60000.0
85	105.858	45.151	16.829	37.302	0.273	0.847	60000.0
86	99.426	43.624	15.76	36.548	0.272	0.839	30000.0
87	101.799	42.642	15.676	34.945	0.259	0.856	20000.0
88	100.554	45.627	15.457	37.115	0.292	0.837	30000.0
89	108.706	44.052	16.653	36.566	0.25	0.854	70000.0
90	100.293	44.734	15.409	36.224	0.278	0.848	30000.0
91	93.792	43.81	14.607	35.377	0.268	0.854	40000.0
92	93.359	42.68	14.772	35.664	0.253	0.854	60000.0
93	101.311	42.295	15.764	34.914	0.244	0.863	40000.0
94	97.474	45.393	14.943	36.245	0.281	0.841	30000.0
95	101.671	44.813	15.772	36.757	0.266	0.846	30000.0
96	110.707	44.325	17.302	37.105	0.247	0.852	50000.0
97	102.16	45.544	16.205	37.082	0.277	0.845	20000.0
98	96.346	44.198	15.114	35.974	0.266	0.852	20000.0
99	98.907	44.295	15.297	36.274	0.273	0.839	60000.0
100	104.09	42.861	16.315	35.678	0.238	0.866	70000.0
