MutationType	DBS78A	DBS78B	DBS78C	DBS78D	DBS78E	DBS78F	DBS78G
AC>CA	1.1420912716175736e-05	1.40597648351104e-05	1.2518542985162639e-05	1.377688796765142e-05	1.6155566095221728e-05	1.653813882057875e-05	1.380108400098834e-05
AC>CG	1.1420912716175736e-05	1.40597648351104e-05	1.2518542985162639e-05	1.377688796765142e-05	1.6155566095221728e-05	1.653813882057875e-05	1.380108400098834e-05
AC>CT	1.1420912716175736e-05	1.40597648351104e-05	1.2518542985162639e-05	1.377688796765142e-05	1.6155566095221728e-05	1.653813882057875e-05	1.380108400098834e-05
AC>GA	1.1420912716175736e-05	1.40597648351104e-05	1.2518542985162639e-05	1.377688796765142e-05	1.6155566095221728e-05	1.653813882057875e-05	1.380108400098834e-05
AC>GG	1.1420912716175736e-05	1.40597648351104e-05	1.2518542985162639e-05	1.377688796765142e-05	1.6155566095221728e-05	1.653813882057875e-05	1.380108400098834e-05
AC>GT	1.1420912716175736e-05	1.40597648351104e-05	1.2518542985162639e-05	1.377688796765142e-05	1.6155566095221728e-05	1.653813882057875e-05	1.380108400098834e-05
AC>TA	0.02073948748920202	0.001721471983922119	0.01924606958237771	0.0010528844577233087	1.2577535883337987e-05	0.011474110433592572	0.003941962795566975
AC>TG	1.1420912716175736e-05	1.40597648351104e-05	1.2518542985162639e-05	1.377688796765142e-05	1.6155566095221728e-05	1.653813882057875e-05	1.380108400098834e-05
AC>TT	9.461602210194543e-06	0.0018458278849561793	0.002229455863309874	0.01758820066229348	0.015508259494702088	0.0008476347085392533	0.016797803960988074
AT>CA	1.1420912716175736e-05	1.40597648351104e-05	1.2518542985162639e-05	1.377688796765142e-05	1.6155566095221728e-05	1.653813882057875e-05	1.380108400098834e-05
AT>CC	1.1420912716175736e-05	1.40597648351104e-05	1.2518542985162639e-05	1.377688796765142e-05	1.6155566095221728e-05	1.653813882057875e-05	1.380108400098834e-05
AT>CG	1.1420912716175736e-05	1.40597648351104e-05	1.2518542985162639e-05	1.377688796765142e-05	1.6155566095221728e-05	1.653813882057875e-05	1.380108400098834e-05
AT>GA	1.1420912716175736e-05	1.40597648351104e-05	1.2518542985162639e-05	1.377688796765142e-05	1.6155566095221728e-05	1.653813882057875e-05	1.380108400098834e-05
AT>GC	1.1420912716175736e-05	1.40597648351104e-05	1.2518542985162639e-05	1.377688796765142e-05	1.6155566095221728e-05	1.653813882057875e-05	1.380108400098834e-05
AT>TA	0.002234252674518239	0.024507761363745308	0.00809088545761881	0.0032581522609842883	0.007779180863826658	0.01853528062659507	0.015721130572374023
CC>AA	0.6096156817674637	0.48831332132232147	0.29346485394682337	0.32753720066216757	0.20442916260844105	0.004829204211473478	0.5101792741712415
CC>AG	0.0420368152505347	0.027480536247790077	0.3676877211549618	0.007732446334545474	0.005278646976361881	0.018449545415532138	0.022401160169917726
CC>AT	0.007866444997895636	0.02650043673308145	0.0024328819857376265	0.04705958293116815	0.3796067631839105	0.002827767139461198	0.0419393586648269
CC>GA	0.032815058999159416	0.0037077362869382337	0.021941254236066653	0.02611215248387551	0.025635502475841218	0.016612086816901978	0.004787808349055977
CC>GG	1.1420912716175736e-05	1.40597648351104e-05	1.2518542985162639e-05	1.377688796765142e-05	1.6155566095221728e-05	1.653813882057875e-05	1.380108400098834e-05
CC>GT	0.030743700573789282	0.004161061155352437	0.003994408326747445	0.006217333751385517	1.2791891800176813e-05	0.010821221498376872	0.0002809169119445328
CC>TA	0.007330993454056229	0.03260633474928615	0.0079931360987527	0.024315139471539123	0.0354228776350151	0.00947800193923058	0.010638982552615915
CC>TG	1.1420912716175736e-05	1.40597648351104e-05	1.2518542985162639e-05	1.377688796765142e-05	1.6155566095221728e-05	1.653813882057875e-05	1.380108400098834e-05
CC>TT	0.019239999805299522	0.01463127520745342	0.04795600543935269	0.00401881165088807	0.006448820562118426	0.3111414270397199	0.04473066509067504
CG>AT	0.003558307273233936	0.018866059446441454	0.021343593125472467	0.011528935101058235	0.010743304728561186	0.01295502796654091	0.003863319306993982
CG>GC	7.859609409896217e-06	0.003159532179519571	0.001089982709694112	1.0867580553825594e-05	0.004295154143294604	0.10475942615915282	9.534612963601672e-06
CG>GT	0.010541142194755987	0.007763362382400318	0.0037173469545337045	0.0078114260231816205	0.022061429969179872	0.011289098628867577	0.022766467261239997
CG>TA	1.1420912716175736e-05	1.40597648351104e-05	1.2518542985162639e-05	1.377688796765142e-05	1.6155566095221728e-05	1.653813882057875e-05	1.380108400098834e-05
CG>TC	1.1420912716175736e-05	1.40597648351104e-05	1.2518542985162639e-05	1.377688796765142e-05	1.6155566095221728e-05	1.653813882057875e-05	1.380108400098834e-05
CG>TT	0.06935204564826124	0.009407949458987907	0.011438438006381663	0.09876441035692438	0.051138824104963204	0.023100428681037205	0.017358389707477554
CT>AA	0.0024553692746382342	0.01850871612309794	0.001257303935948209	0.19087921916027653	0.0458081074280499	0.0032580746240022827	0.01412086781778246
CT>AC	1.1420912716175736e-05	1.40597648351104e-05	1.2518542985162639e-05	1.377688796765142e-05	1.6155566095221728e-05	1.653813882057875e-05	1.380108400098834e-05
CT>AG	0.003118336754141134	0.07597892812418364	0.0418278267321856	0.004573842963811556	0.015280357098246876	0.016291044419207562	0.004854962776017074
CT>GA	1.1420912716175736e-05	1.40597648351104e-05	1.2518542985162639e-05	1.377688796765142e-05	1.6155566095221728e-05	1.653813882057875e-05	1.380108400098834e-05
CT>GC	1.1420912716175736e-05	1.40597648351104e-05	1.2518542985162639e-05	1.377688796765142e-05	1.6155566095221728e-05	1.653813882057875e-05	1.380108400098834e-05
CT>GG	1.1420912716175736e-05	1.40597648351104e-05	1.2518542985162639e-05	1.377688796765142e-05	1.6155566095221728e-05	1.653813882057875e-05	1.380108400098834e-05
CT>TA	0.013421299565599863	0.002210397151234462	0.01990561166923878	0.0005233453479695816	0.0009648907078026993	0.1263691245127302	0.0030640407744406627
CT>TC	1.1420912716175736e-05	1.40597648351104e-05	1.2518542985162639e-05	1.377688796765142e-05	1.6155566095221728e-05	1.653813882057875e-05	1.380108400098834e-05
CT>TG	1.1420912716175736e-05	1.40597648351104e-05	1.2518542985162639e-05	1.377688796765142e-05	1.6155566095221728e-05	1.653813882057875e-05	1.380108400098834e-05
GC>AA	0.0012830790518204439	0.010596155180485445	0.03587927107175893	0.014515521668586127	0.03257562074413081	0.051448436845550505	0.16086091695759883
GC>AG	1.1420912716175736e-05	1.40597648351104e-05	1.2518542985162639e-05	1.377688796765142e-05	1.6155566095221728e-05	1.653813882057875e-05	1.380108400098834e-05
GC>AT	1.1420912716175736e-05	1.40597648351104e-05	1.2518542985162639e-05	1.377688796765142e-05	1.6155566095221728e-05	1.653813882057875e-05	1.380108400098834e-05
GC>CA	0.002439220038006056	0.0043106999703138625	0.0033366002046315126	0.02380564435269889	0.011604239735734155	0.00380488888736636	0.0026577833201088196
GC>CG	1.1420912716175736e-05	1.40597648351104e-05	1.2518542985162639e-05	1.377688796765142e-05	1.6155566095221728e-05	1.653813882057875e-05	1.380108400098834e-05
GC>TA	1.1420912716175736e-05	1.40597648351104e-05	1.2518542985162639e-05	1.377688796765142e-05	1.6155566095221728e-05	1.653813882057875e-05	1.380108400098834e-05
TA>AT	1.1420912716175736e-05	1.40597648351104e-05	1.2518542985162639e-05	1.377688796765142e-05	1.6155566095221728e-05	1.653813882057875e-05	1.380108400098834e-05
TA>CG	1.1420912716175736e-05	1.40597648351104e-05	1.2518542985162639e-05	1.377688796765142e-05	1.6155566095221728e-05	1.653813882057875e-05	1.380108400098834e-05
TA>CT	1.1420912716175736e-05	1.40597648351104e-05	1.2518542985162639e-05	1.377688796765142e-05	1.6155566095221728e-05	1.653813882057875e-05	1.380108400098834e-05
TA>GC	1.1420912716175736e-05	1.40597648351104e-05	1.2518542985162639e-05	1.377688796765142e-05	1.6155566095221728e-05	1.653813882057875e-05	1.380108400098834e-05
TA>GG	1.1420912716175736e-05	1.40597648351104e-05	1.2518542985162639e-05	1.377688796765142e-05	1.6155566095221728e-05	1.653813882057875e-05	1.380108400098834e-05
TA>GT	1.1420912716175736e-05	1.40597648351104e-05	1.2518542985162639e-05	1.377688796765142e-05	1.6155566095221728e-05	1.653813882057875e-05	1.380108400098834e-05
TC>AA	0.04262083124937419	0.011379617085023677	0.00736981714364416	0.013904281524266033	0.02094479564238251	0.0044943385674517345	0.010589191520214038
TC>AG	0.027390536936757144	0.005668712571416208	0.00817214581885585	0.005439092620144732	1.3097919336395592e-05	0.007772815635230472	0.00028208107050467393
TC>AT	0.007483643252953373	0.008214320992628093	0.010335610178381464	0.03334492058292881	0.0008074778959914907	0.006627269928775773	0.01122949159214501
TC>CA	0.001893587868028561	0.029094231957656275	0.01837864261099867	0.005199355118321523	0.008729430884139158	0.013008155091767303	0.0023101605399094894
TC>CG	1.1420912716175736e-05	1.40597648351104e-05	1.2518542985162639e-05	1.377688796765142e-05	1.6155566095221728e-05	1.653813882057875e-05	1.380108400098834e-05
TC>CT	0.01384436444109639	0.005191343272964559	0.002865686239946026	0.012625409125577334	0.009239829723537697	0.002683981174041605	0.017298025573140873
TC>GA	1.1420912716175736e-05	1.40597648351104e-05	1.2518542985162639e-05	1.377688796765142e-05	1.6155566095221728e-05	1.653813882057875e-05	1.380108400098834e-05
TC>GG	1.1420912716175736e-05	1.40597648351104e-05	1.2518542985162639e-05	1.377688796765142e-05	1.6155566095221728e-05	1.653813882057875e-05	1.380108400098834e-05
TC>GT	1.1420912716175736e-05	1.40597648351104e-05	1.2518542985162639e-05	1.377688796765142e-05	1.6155566095221728e-05	1.653813882057875e-05	1.380108400098834e-05
TG>AA	0.00378687740381807	0.008679319786922457	0.009107880554944357	0.05137625951099928	0.045411999997934965	0.022552246417131414	0.031339777462375346
TG>AC	1.1420912716175736e-05	1.40597648351104e-05	1.2518542985162639e-05	1.377688796765142e-05	1.6155566095221728e-05	1.653813882057875e-05	1.380108400098834e-05
TG>AT	0.017309455362439347	0.02581853302446997	0.008818113945116066	0.004084214029063531	0.007617100292822449	0.1582545327158539	0.008725395475321706
TG>CA	1.1420912716175736e-05	1.40597648351104e-05	1.2518542985162639e-05	1.377688796765142e-05	1.6155566095221728e-05	1.653813882057875e-05	1.380108400098834e-05
TG>CC	1.1420912716175736e-05	1.40597648351104e-05	1.2518542985162639e-05	1.377688796765142e-05	1.6155566095221728e-05	1.653813882057875e-05	1.380108400098834e-05
TG>CT	0.0032118088095151997	0.11439275262253204	0.014949844442222547	0.04581282759470835	0.02644928953801659	0.02447395555610936	0.011245707713148893
TG>GA	1.1420912716175736e-05	1.40597648351104e-05	1.2518542985162639e-05	1.377688796765142e-05	1.6155566095221728e-05	1.653813882057875e-05	1.380108400098834e-05
TG>GC	1.1420912716175736e-05	1.40597648351104e-05	1.2518542985162639e-05	1.377688796765142e-05	1.6155566095221728e-05	1.653813882057875e-05	1.380108400098834e-05
TG>GT	1.1420912716175736e-05	1.40597648351104e-05	1.2518542985162639e-05	1.377688796765142e-05	1.6155566095221728e-05	1.653813882057875e-05	1.380108400098834e-05
TT>AA	1.1420912716175736e-05	1.40597648351104e-05	1.2518542985162639e-05	1.377688796765142e-05	1.6155566095221728e-05	1.653813882057875e-05	1.380108400098834e-05
TT>AC	1.1420912716175736e-05	1.40597648351104e-05	1.2518542985162639e-05	1.377688796765142e-05	1.6155566095221728e-05	1.653813882057875e-05	1.380108400098834e-05
TT>AG	0.0030792730509659806	0.014580600319414999	0.004543681598406692	0.010219673255620844	0.005372684894217628	0.0010139353739035072	0.005314764216964249
TT>CA	1.1420912716175736e-05	1.40597648351104e-05	1.2518542985162639e-05	1.377688796765142e-05	1.6155566095221728e-05	1.653813882057875e-05	1.380108400098834e-05
TT>CC	1.1420912716175736e-05	1.40597648351104e-05	1.2518542985162639e-05	1.377688796765142e-05	1.6155566095221728e-05	1.653813882057875e-05	1.380108400098834e-05
TT>CG	1.1420912716175736e-05	1.40597648351104e-05	1.2518542985162639e-05	1.377688796765142e-05	1.6155566095221728e-05	1.653813882057875e-05	1.380108400098834e-05
TT>GA	1.1420912716175736e-05	1.40597648351104e-05	1.2518542985162639e-05	1.377688796765142e-05	1.6155566095221728e-05	1.653813882057875e-05	1.380108400098834e-05
TT>GC	1.1420912716175736e-05	1.405976480782556e-05	1.251854299880506e-05	1.3776887976746366e-05	1.615556605884194e-05	1.653813885695854e-05	1.3801084023725707e-05
TT>GG	1.1420912716175736e-05	1.405976480782556e-05	1.251854299880506e-05	1.3776887976746366e-05	1.615556605884194e-05	1.653813885695854e-05	1.3801084023725707e-05
