MutationType	DBS78A	DBS78B	DBS78C	DBS78D	DBS78E	DBS78F	DBS78G
AC>CA	0.00010308623443961552	4.251404778674243e-05	7.323143179497567e-05	0.0007841650119842181	0.0002279463537264271	0.00048070277081479253	9.755822087754495e-05
AC>CG	0.00010308647527381254	4.187350636479422e-05	7.324273817192299e-05	0.0007832604154319001	0.00022847852747792452	0.0004812846460206321	9.7558159759501e-05
AC>CT	0.00010308644864380767	4.20470514748775e-05	7.32419651933413e-05	0.0007833214144240397	0.00022844262204389847	0.00048104632355808766	9.75581935927039e-05
AC>GA	0.00010308636155059503	4.2271202351570086e-05	7.323821683163116e-05	0.0007836204505751282	0.00022826670257422262	0.0004808439478190176	9.755822786246427e-05
AC>GG	0.00010308642827112635	4.1820621770094215e-05	7.323985492717697e-05	0.0007834921656199516	0.00022834222574698703	0.0004814712999543849	9.755813131050673e-05
AC>GT	0.00010308629784958612	4.2174039533434895e-05	7.323588159617356e-05	0.0007838043445402261	0.0002281584378285918	0.00048112039370314406	9.755824743479024e-05
AC>TA	0.00010308633251952414	4.2535421234337035e-05	7.323632465716065e-05	0.0007837738043280909	0.00022817643097408088	0.0004804755486066083	9.755823368323035e-05
AC>TG	2.2081190301337484e-05	0.009971727287520651	1.2002652009076027e-05	0.0003842297886362691	0.7958604434382377	4.1909480682232334e-05	0.03974445241168437
AC>TT	0.00010308631178304495	4.22503685275426e-05	7.323379159831432e-05	0.000783979253809491	0.00022805565418475578	0.0004809992613482883	9.755814731761347e-05
AT>CA	0.00010308635223736929	4.223444107776673e-05	7.323738780504093e-05	0.000783687432708529	0.0002282272671312048	0.00048093364741541773	9.755821825820021e-05
AT>CC	0.0001030862909010466	4.2358583036262996e-05	7.323321652425696e-05	0.0007840243877287118	0.00022802907717201399	0.00048085740247815476	9.755817227414809e-05
AT>CG	0.00010308641823030485	4.227591726316815e-05	7.324013461736371e-05	0.0007834694067223576	0.0002283555016716203	0.0004807363844289597	9.755820043210406e-05
AT>GA	0.0001030863585674524	4.231331856651386e-05	7.323774567106396e-05	0.0007836590870441737	0.0002282439534878745	0.000480784992225551	9.755821927683428e-05
AT>GC	0.00010308610936590412	4.2845905401266215e-05	7.322485509118742e-05	0.0007846927795681692	0.000227635790945806	0.000480411113593486	9.755822691658977e-05
AT>TA	0.00010308638454262109	4.210461887147013e-05	7.323752055746377e-05	0.0007836802721407028	0.0002282315402294275	0.00048109299300296097	9.755814484378789e-05
CC>AA	2.913550782999035e-05	0.024166690288502157	0.9850037376582622	0.1931602343821876	0.053809118555739804	0.14029844185458104	0.0050290817408898516
CC>AG	0.00010308629446626583	4.271775998578468e-05	7.323453874219441e-05	0.0007839171540252917	0.00022809214561363877	0.0004802485443917462	9.755824765306898e-05
CC>AT	0.00010308625437573937	4.2489998558166675e-05	7.322966158041308e-05	0.0007843129833893263	0.00022785905798032872	0.00048079137192290675	9.755818507983349e-05
CC>GA	0.00010308611442269466	4.261631498396166e-05	7.322305109659612e-05	0.0007848416345534448	0.00022754830839294193	0.0004807995846133542	9.755812643561513e-05
CC>GG	0.00010308649753824283	4.234655077030405e-05	7.324473419772458e-05	0.0007831004115241133	0.00022857262289776702	0.00048045720418567526	9.755823928571772e-05
CC>GT	2.703836800935267e-05	0.5912711460962767	0.009685436183638551	0.1324401406113226	0.014776851582712755	0.058270699605082514	0.0033840858754301375
CC>TA	0.00010308650816114096	4.164014610769817e-05	7.324445063673215e-05	0.0007831224867348229	0.00022855971568972933	0.00048160014347633004	9.755814389791339e-05
CC>TG	0.00010308643139978812	4.1499362974315376e-05	7.32412862994684e-05	0.0007833728675280178	0.0002284123127505523	0.00048197703917101395	9.755815313837957e-05
CC>TT	0.00010308638745300414	4.196786339812161e-05	7.323885395608276e-05	0.0007835699614217664	0.00022829639659954125	0.00048129837546333253	9.755817976838444e-05
CG>AT	0.00010308632226042391	4.215967984983587e-05	7.323367211807273e-05	0.0007839902102642582	0.00022804925221806563	0.00048113357608010903	9.755811421200632e-05
CG>GC	0.00010308631211046304	4.185972642934094e-05	7.323513051143472e-05	0.0007838668734941243	0.00022812165386192128	0.00048162515515485046	9.7558166453382e-05
CG>GT	0.00010308624455319659	4.207967659343521e-05	7.323250871305057e-05	0.0007840754641901935	0.00022799894491817532	0.00048138842184499293	9.755820668942761e-05
CG>TA	0.00010308610878382751	4.2603300323413455e-05	7.322251211838535e-05	0.000784885038752777	0.00022752265796379244	0.00048083521602723276	9.755811508512125e-05
CG>TC	0.00010308628242455597	4.2271599018206385e-05	7.32328934148131e-05	0.0007840496104999089	0.00022801424152124405	0.0004810155688154099	9.755816790857352e-05
CG>TT	0.00010308654170330555	4.201705449645679e-05	7.324603466561823e-05	0.0007829976535213087	0.00022863316162908377	0.0004809174443408041	9.755817634868436e-05
CT>AA	0.0001030863866526488	4.194966440845663e-05	7.323847585363294e-05	0.0007836011058088857	0.00022827812075502347	0.00048133201555695666	9.755816303368192e-05
CT>AC	0.00010308642237760068	4.228272196745024e-05	7.324108667165154e-05	0.0007833914874327739	0.0002284013925441559	0.00048070769968789435	9.755822924489621e-05
CT>AG	0.00010308642958079872	4.184729489253824e-05	7.323980191586014e-05	0.0007834969514360368	0.00022833944653402063	0.00048142353102250323	9.75581255625002e-05
CT>GA	0.00010308627052836528	4.2614410653647286e-05	7.323173731103158e-05	0.0007841449706136697	0.00022795816639337843	0.00048048338836549436	9.755817416589707e-05
CT>GC	0.0001030861512026604	4.260152627072752e-05	7.322678025692546e-05	0.0007845383914094687	0.00022772665709641	0.0004807299279607983	9.755820225109347e-05
CT>GG	6.197975699811668e-05	0.35592318045316146	3.124984965845641e-05	0.029633691778447213	0.02344666000795266	0.02551822357214182	0.014981986311909883
CT>TA	1.8067874149013257e-05	0.00665843028387582	1.1170602332255756e-05	0.0003156655972373557	0.06456571876201037	0.7181543815819316	0.059597839807111655
CT>TC	2.615842575263081e-05	0.0033370109803788554	1.1764701850607144e-05	0.00017599390634887878	4.840514676602464e-05	4.296719141166248e-05	0.8602762005166005
CT>TG	0.00010308659270776843	4.223911694177308e-05	7.324865429876563e-05	0.0007827889953818091	0.00022875592782257048	0.00048045200878907784	9.75582030514488e-05
GC>AA	0.9924963414669037	0.005672331337722995	4.4910242398173984e-05	0.5882400150267302	0.03129335749137767	0.023525967896214653	0.010059549368648833
GC>AG	0.00010308641342817282	4.2102681348810554e-05	7.32387281496757e-05	0.0007835844007650461	0.00022828795787776659	0.0004810416082231256	9.755813793162816e-05
GC>AT	0.00010308605086720491	4.226615905821105e-05	7.322236887994e-05	0.0007848879804832809	0.0002275209272908897	0.00048147111695451636	9.755818726262078e-05
GC>CA	0.00010308618001545256	4.237995033580745e-05	7.32279513137136e-05	0.0007844445308934856	0.0002277818637678309	0.00048103945374324746	9.755817583936732e-05
GC>CG	0.00010308626085134165	4.228213146701344e-05	7.323287062240095e-05	0.0007840487182243301	0.0002280147517578972	0.0004810297610376241	9.755820850841701e-05
GC>TA	0.00010308635514775233	4.220913516588919e-05	7.323743206516388e-05	0.0007836841363569102	0.0002282292287218457	0.00048096368025769875	9.75582039973233e-05
TA>AT	0.00010308636082299927	4.171090475218249e-05	7.323713238714295e-05	0.0007837077009532431	0.00022821542133308456	0.0004817743696194244	9.755813720403239e-05
TA>CG	0.00010308615134817955	4.240242484368235e-05	7.322621025600376e-05	0.0007845845737549031	0.00022769946300305058	0.00048106454532494537	9.755816521646921e-05
TA>CT	0.00010308649160833738	4.2235081374817344e-05	7.324445548169875e-05	0.0007831221531447451	0.00022855982964596755	0.00048065010841003285	9.755822822626214e-05
TA>GC	0.00010308636853551434	4.226074367012614e-05	7.323712501252845e-05	0.0007837115218971732	0.00022821316136433913	0.00048086359188805023	9.755817169207148e-05
TA>GG	0.00010308640047696826	4.2630162821189653e-05	7.323924623254962e-05	0.000783541974021237	0.00022831285390074354	0.0004801985357490941	9.755823870364111e-05
TA>GT	0.00010308626674486732	4.260578573610304e-05	7.323314975181309e-05	0.000784027581400005	0.00022802711566435548	0.0004804887174309301	9.755823768500704e-05
TC>AA	0.0001030865476695908	4.202067834962599e-05	7.324710072022328e-05	0.0007829099925827785	0.00022868447414913908	0.0004808915394237767	9.755820756254252e-05
TC>AG	0.00010308644835276936	4.2065266462516004e-05	7.324225432179797e-05	0.0007832977033336647	0.00022845661998732524	0.00048101279158121595	9.755820588907227e-05
TC>AT	0.00010308631382031307	4.2322753067223806e-05	7.323546347066889e-05	0.0007838417035027373	0.00022813653051692928	0.0004808587806884325	9.755821447470226e-05
TC>CA	0.00010308625546713301	4.2586368346631125e-05	7.323126240252056e-05	0.0007841820059281338	0.00022793635728020516	0.0004805567471793534	9.755818216945045e-05
TC>CG	0.00010308662232091592	4.192553211985067e-05	7.325090275725477e-05	0.0007826055620160807	0.0002288636391898892	0.00048089997377953565	9.755821032740641e-05
TC>CT	0.00010308628617167415	4.2664222640115894e-05	7.323289709269487e-05	0.0007840514388195703	0.0002280131766847228	0.00048037197583261664	9.755820145073812e-05
TC>GA	0.00010308623545824957	4.235280251672449e-05	7.323087993617473e-05	0.0007842099309166304	0.00022791988501297503	0.00048097453699914584	9.75581871898612e-05
TC>GG	0.00010308629832252336	4.19339729619664e-05	7.323446154992209e-05	0.000783920781298584	0.00022808999321897674	0.00048152906406541515	9.755817045515869e-05
TC>GT	0.00010308642434210924	4.239633274405958e-05	7.323921217648937e-05	0.0007835471420489341	0.00022830989685497028	0.00048053876869055405	9.755816106917337e-05
TG>AA	0.00010308612362678105	4.2206836158989225e-05	7.322589468476669e-05	0.0007846062519249301	0.00022768670630045852	0.0004814257606770727	9.755818464327604e-05
TG>AC	0.00010308622992852179	4.244204667376458e-05	7.323009148676231e-05	0.0007842747530886052	0.00022788177455791649	0.0004808424992371451	9.755817125551403e-05
TG>AT	0.00010308658150279371	4.201729358034635e-05	7.324802447865984e-05	0.0007828386333023512	0.00022872673013127502	0.000480837829354753	9.755817940458655e-05
TG>CA	0.00010308633499334973	4.208618810251365e-05	7.323652697618163e-05	0.0007837556540574212	0.00022818714684271787	0.00048120430242923275	9.755819599376991e-05
TG>CC	0.00010308663119758421	4.161085694573189e-05	7.325025943382083e-05	0.0007826589577631334	0.00022883243793284447	0.00048140838423307657	9.755813909578136e-05
TG>CT	0.00010308625684956495	4.2414828185906035e-05	7.323150071271831e-05	0.0007841616738502241	0.00022794826207195318	0.0004808344972482988	9.755817576660775e-05
TG>GA	0.00010308662188435847	4.1927524810036534e-05	7.323839418582022e-05	0.0007836352154653261	0.00022825700149614847	0.000481370159095078	9.755814047821332e-05
TG>GC	0.00010308638825335947	4.246795732845841e-05	7.323882570153456e-05	0.0007835742706969648	0.0002282938007345388	0.0004804822444279003	9.755822582519614e-05
TG>GT	0.00010308648189493397	4.196311231264929e-05	7.324321242028282e-05	0.0007832226054896976	0.00022850080982497216	0.00048112208141106653	9.755817227414809e-05
TT>AA	0.00010308608899322281	4.253930821823809e-05	7.322234455595931e-05	0.0007848960169367528	0.0002275161912545823	0.00048097647800881887	9.755814804520923e-05
TT>AC	0.00010308621406693419	4.243821215400683e-05	7.322950213141242e-05	0.0007843213171890398	0.00022785439626205517	0.0004808776161443953	9.755817707628012e-05
TT>AG	0.0001030862804964272	4.258339467923715e-05	7.323455063791349e-05	0.000783913513483323	0.00022809415882814936	0.0004804905174045868	9.755826511536724e-05
TT>CA	0.00010308634779903513	4.2715796342820394e-05	7.323698802451726e-05	0.0007837216774086302	0.00022820705625515886	0.0004801521429951094	9.755824838066474e-05
TT>CC	0.0001030860627633956	4.233894231663478e-05	7.322140234424875e-05	0.0007849695257721698	0.00022747293234653986	0.0004813484641751209	9.755813734955155e-05
TT>CG	0.00010308624469871574	4.232604958886905e-05	7.32303376862116e-05	0.0007842559536084883	0.00022789287682255314	0.0004810088058112285	9.755814338859637e-05
TT>GA	0.00010308635449291615	4.222304372883095e-05	7.323679770855046e-05	0.0007837364974141864	0.0002281984388275584	0.000480949265341366	9.755818209669087e-05
TT>GC	0.0001030865378834278	4.181949259406977e-05	7.324589042751015e-05	0.0007830081383502553	0.00022862696068971748	0.0004812498499140279	9.75581628154032e-05
TT>GG	0.00010308633575732529	4.253565628068253e-05	7.323496747473384e-05	0.0007838863547722306	0.0002281102605003277	0.00048048770189848626	9.755817736731843e-05
