MutationType	SBS96A	SBS96B	SBS96C	SBS96D	SBS96E	SBS96F	SBS96G	SBS96H
A[C>A]A	5.58E-04	1.23E-03	1.05E-03	6.76E-04	1.49E-03	1.24E-03	1.03E-03	8.18E-04
A[C>A]C	4.70E-04	2.24E-03	9.56E-04	6.69E-04	2.19E-03	1.53E-03	1.56E-03	3.27E-04
A[C>A]G	5.13E-05	9.89E-04	3.94E-04	1.09E-03	8.39E-04	1.02E-03	7.21E-04	1.08E-04
A[C>A]T	4.51E-05	4.20E-04	8.76E-04	8.74E-04	1.83E-04	7.74E-04	4.84E-04	2.01E-04
A[C>G]A	3.36E-04	5.67E-04	6.32E-04	8.86E-04	4.11E-04	9.11E-04	1.20E-03	3.25E-04
A[C>G]C	3.87E-04	9.07E-04	6.13E-04	9.92E-04	9.31E-04	9.77E-04	8.03E-04	1.68E-04
A[C>G]G	1.98E-04	4.21E-04	4.73E-04	3.78E-04	1.48E-04	4.40E-04	4.03E-04	2.64E-08
A[C>G]T	5.03E-05	3.29E-04	3.30E-04	7.70E-04	1.07E-03	7.97E-04	8.04E-04	7.15E-04
A[C>T]A	9.22E-04	1.86E-03	1.32E-03	1.38E-03	1.70E-03	1.57E-03	8.47E-04	8.53E-04
A[C>T]C	7.48E-04	1.66E-03	7.95E-04	1.98E-03	1.62E-03	1.91E-03	2.69E-03	9.02E-04
A[C>T]G	9.15E-04	3.66E-03	1.87E-03	3.66E-03	5.03E-03	2.92E-03	3.12E-03	1.40E-03
A[C>T]T	7.22E-04	8.06E-04	1.03E-03	1.59E-03	9.94E-04	1.38E-03	1.06E-03	1.34E-03
A[T>A]A	2.33E-08	9.12E-04	3.64E-04	5.35E-04	4.94E-04	7.16E-04	1.23E-03	1.06E-04
A[T>A]C	5.98E-06	1.26E-03	3.81E-04	7.94E-04	1.63E-03	1.32E-03	1.49E-03	1.37E-04
A[T>A]G	2.80E-04	7.89E-04	2.06E-04	8.17E-04	4.78E-04	5.69E-04	5.99E-04	5.61E-04
A[T>A]T	2.11E-08	8.92E-04	9.64E-04	7.45E-04	7.11E-04	5.26E-04	2.48E-04	1.19E-03
A[T>C]A	4.17E-04	9.05E-04	9.35E-04	9.29E-04	8.15E-04	1.12E-03	8.86E-04	3.59E-04
A[T>C]C	5.68E-05	5.52E-04	7.90E-04	6.69E-04	6.73E-04	7.93E-04	3.58E-04	1.51E-03
A[T>C]G	3.21E-04	1.45E-03	8.12E-04	1.16E-03	1.21E-03	1.60E-03	2.57E-03	1.30E-04
A[T>C]T	4.16E-04	8.39E-04	6.75E-04	1.37E-03	1.25E-03	1.49E-03	1.26E-03	1.71E-03
A[T>G]A	1.14E-04	3.98E-04	4.69E-04	5.07E-04	2.71E-04	5.80E-04	2.86E-04	1.07E-03
A[T>G]C	2.57E-08	2.82E-04	4.72E-04	4.15E-04	5.08E-04	3.36E-04	3.23E-04	1.33E-03
A[T>G]G	3.43E-04	1.14E-03	1.53E-04	5.48E-04	9.08E-04	6.69E-04	7.24E-04	4.19E-05
A[T>G]T	1.68E-04	3.55E-04	1.25E-04	5.00E-04	2.52E-04	6.16E-04	6.77E-04	1.51E-03
C[C>A]A	4.68E-04	1.11E-03	1.78E-03	1.25E-03	1.07E-03	1.46E-03	1.10E-03	1.07E-03
C[C>A]C	2.19E-04	1.16E-03	1.74E-03	8.41E-04	8.72E-04	9.92E-04	1.05E-03	2.95E-04
C[C>A]G	1.45E-04	5.61E-04	6.17E-04	6.53E-04	5.40E-04	5.81E-04	4.28E-04	1.61E-04
C[C>A]T	2.85E-04	1.09E-03	1.80E-03	1.11E-03	4.87E-04	1.19E-03	1.41E-03	6.16E-04
C[C>G]A	4.08E-04	1.02E-03	5.15E-04	1.14E-03	1.07E-03	1.23E-03	1.30E-03	6.81E-05
C[C>G]C	4.71E-04	9.95E-04	1.11E-03	5.86E-04	9.05E-04	6.81E-04	9.31E-04	2.10E-04
C[C>G]G	9.20E-05	4.24E-04	3.47E-04	2.53E-04	2.80E-04	6.01E-04	4.93E-04	1.12E-04
C[C>G]T	6.19E-04	1.27E-03	1.68E-03	1.38E-03	1.54E-03	1.46E-03	1.14E-03	5.49E-04
C[C>T]A	7.43E-04	2.23E-03	1.28E-03	1.89E-03	2.07E-03	2.50E-03	3.30E-03	1.15E-03
C[C>T]C	6.37E-04	2.01E-03	1.55E-03	1.21E-03	2.16E-03	1.89E-03	1.47E-03	1.16E-03
C[C>T]G	1.09E-03	3.07E-03	1.73E-03	1.70E-03	3.75E-03	2.62E-03	2.35E-03	1.51E-03
C[C>T]T	6.11E-04	2.15E-03	1.32E-03	1.67E-03	2.05E-03	1.66E-03	1.91E-03	1.84E-03
C[T>A]A	3.97E-04	5.28E-04	5.48E-04	5.33E-04	9.42E-04	6.28E-04	7.51E-04	8.04E-04
C[T>A]C	5.05E-04	8.98E-04	4.70E-04	5.94E-04	6.16E-04	5.83E-04	1.03E-03	6.29E-04
C[T>A]G	6.97E-04	9.02E-04	8.07E-04	4.68E-04	9.70E-04	8.93E-04	6.86E-04	9.68E-04
C[T>A]T	5.54E-05	5.89E-04	9.75E-04	1.38E-03	9.01E-04	1.39E-03	1.19E-03	3.05E-04
C[T>C]A	2.74E-04	6.09E-04	5.91E-04	5.58E-04	6.10E-04	6.22E-04	8.50E-04	1.63E-04
C[T>C]C	3.72E-04	5.47E-04	7.80E-04	5.39E-04	1.71E-04	6.28E-04	4.30E-04	1.21E-03
C[T>C]G	4.40E-04	7.82E-04	7.45E-04	1.31E-03	1.20E-03	1.32E-03	7.91E-04	2.36E-03
C[T>C]T	2.57E-08	1.27E-03	4.65E-04	9.53E-04	9.93E-04	9.27E-04	1.30E-03	1.60E-03
C[T>G]A	3.94E-08	1.35E-04	1.75E-04	3.86E-04	3.44E-05	3.01E-04	2.62E-04	1.13E-04
C[T>G]C	2.37E-04	1.99E-04	3.17E-04	3.30E-04	5.36E-04	3.57E-04	8.06E-04	1.20E-03
C[T>G]G	3.32E-04	1.44E-03	9.98E-04	1.21E-03	1.03E-03	1.20E-03	9.15E-04	7.64E-04
C[T>G]T	1.40E-04	2.30E-04	3.03E-07	7.18E-04	2.35E-04	1.81E-04	5.76E-05	4.69E-03
G[C>A]A	6.16E-04	1.03E-03	1.17E-03	1.05E-03	9.54E-04	1.24E-03	1.11E-03	4.17E-04
G[C>A]C	1.99E-04	1.48E-03	1.80E-03	2.03E-03	1.68E-03	2.01E-03	1.67E-03	1.10E-03
G[C>A]G	3.64E-04	7.96E-04	1.12E-03	1.49E-03	7.54E-04	1.03E-03	9.68E-04	4.45E-04
G[C>A]T	1.78E-04	9.02E-04	1.31E-03	1.98E-03	1.30E-03	2.50E-03	2.10E-03	6.78E-04
G[C>G]A	2.13E-04	8.55E-04	6.09E-04	1.36E-03	8.75E-04	1.85E-03	1.21E-03	9.19E-04
G[C>G]C	2.20E-04	8.53E-04	6.11E-04	5.25E-04	5.25E-04	8.62E-04	9.41E-04	1.16E-04
G[C>G]G	4.38E-05	4.11E-04	4.29E-04	7.34E-04	3.58E-04	2.82E-04	5.10E-04	1.38E-04
G[C>G]T	3.59E-04	7.20E-04	8.24E-04	1.42E-03	9.70E-04	1.34E-03	8.27E-04	3.19E-04
G[C>T]A	6.79E-04	1.69E-03	1.46E-03	2.57E-03	3.08E-03	3.23E-03	1.56E-03	7.81E-04
G[C>T]C	5.84E-04	2.26E-03	1.20E-03	2.29E-03	2.17E-03	2.47E-03	2.45E-03	1.40E-03
G[C>T]G	1.48E-03	4.01E-03	1.46E-03	2.49E-03	4.07E-03	3.32E-03	4.56E-03	1.18E-03
G[C>T]T	5.00E-04	2.23E-03	1.80E-03	1.46E-03	2.23E-03	2.13E-03	2.06E-03	1.73E-03
G[T>A]A	5.65E-05	7.20E-04	8.67E-04	2.85E-04	9.83E-04	5.29E-04	3.82E-04	3.66E-04
G[T>A]C	2.95E-04	4.73E-04	5.01E-04	6.48E-04	4.36E-04	1.12E-03	1.13E-03	1.51E-04
G[T>A]G	3.98E-04	6.09E-04	4.93E-04	6.04E-04	4.10E-04	6.39E-04	1.31E-03	1.95E-04
G[T>A]T	8.23E-05	2.61E-04	5.47E-04	3.72E-04	3.43E-04	4.36E-04	2.02E-04	9.89E-04
G[T>C]A	3.31E-04	6.35E-04	4.08E-04	7.79E-04	7.11E-04	1.04E-03	7.07E-04	7.71E-04
G[T>C]C	7.12E-04	1.23E-03	2.47E-04	1.08E-03	1.17E-03	1.60E-03	1.38E-03	7.92E-04
G[T>C]G	5.34E-04	1.36E-03	6.93E-04	1.20E-03	1.01E-03	1.54E-03	1.17E-03	3.86E-04
G[T>C]T	3.55E-08	1.12E-03	6.32E-04	1.15E-03	1.30E-03	1.06E-03	1.93E-03	9.34E-04
G[T>G]A	2.71E-04	4.01E-04	2.63E-04	3.15E-04	3.98E-04	5.04E-04	9.92E-04	6.42E-05
G[T>G]C	2.90E-08	2.19E-04	4.30E-04	4.61E-05	1.19E-04	3.89E-04	2.64E-04	8.86E-05
G[T>G]G	6.50E-05	4.96E-04	6.32E-04	3.21E-04	3.67E-04	5.52E-04	3.74E-04	1.03E-04
G[T>G]T	4.30E-04	4.46E-04	1.79E-04	2.77E-04	4.65E-04	6.62E-04	8.37E-04	8.84E-04
T[C>A]A	6.53E-04	1.71E-03	1.35E-03	1.78E-03	1.30E-03	1.82E-03	1.81E-03	8.80E-04
T[C>A]C	7.10E-04	2.08E-03	2.05E-03	1.20E-03	1.95E-03	2.35E-03	2.48E-03	1.31E-03
T[C>A]G	4.59E-04	3.20E-04	1.17E-03	1.38E-03	4.78E-04	7.62E-04	5.77E-04	2.16E-04
T[C>A]T	3.64E-04	2.93E-03	2.09E-03	2.12E-03	2.92E-03	3.24E-03	2.87E-03	2.02E-04
T[C>G]A	2.62E-03	1.39E-03	6.81E-04	2.19E-03	4.89E-04	3.91E-03	1.81E-03	5.96E-05
T[C>G]C	1.46E-03	7.79E-04	1.28E-03	2.94E-03	1.31E-03	1.66E-03	1.70E-03	4.63E-04
T[C>G]G	4.87E-04	6.74E-04	1.95E-04	2.60E-04	2.97E-04	4.82E-04	4.14E-04	3.00E-08
T[C>G]T	2.68E-03	1.40E-03	9.17E-04	4.20E-03	1.83E-03	4.15E-03	1.85E-03	9.58E-04
T[C>T]A	2.97E-03	2.97E-03	1.61E-03	3.63E-03	2.29E-03	5.36E-03	2.83E-03	1.93E-03
T[C>T]C	1.26E-03	2.87E-03	1.18E-03	2.25E-03	2.98E-03	2.67E-03	3.50E-03	1.51E-03
T[C>T]G	1.49E-03	3.39E-03	1.56E-03	2.37E-03	2.94E-03	3.26E-03	1.81E-03	4.00E-04
T[C>T]T	1.89E-03	2.71E-03	1.65E-03	2.43E-03	2.49E-03	3.69E-03	2.76E-03	1.61E-03
T[T>A]A	8.56E-08	4.76E-04	5.45E-04	3.00E-04	5.41E-04	7.17E-04	7.63E-04	3.48E-04
T[T>A]C	2.36E-08	1.04E-03	6.75E-04	1.01E-03	1.01E-03	1.27E-03	1.01E-03	1.84E-04
T[T>A]G	3.02E-05	4.38E-04	3.91E-04	3.18E-04	3.35E-04	5.70E-04	4.47E-04	5.23E-05
T[T>A]T	2.22E-05	2.54E-04	6.49E-05	5.52E-04	2.07E-04	3.51E-04	3.93E-04	3.72E-04
T[T>C]A	2.27E-08	8.34E-04	6.09E-04	5.59E-04	3.38E-04	4.63E-04	5.69E-04	1.04E-03
T[T>C]C	4.70E-04	8.32E-04	8.92E-04	5.54E-04	8.25E-04	1.43E-03	5.90E-04	1.33E-03
T[T>C]G	1.00E-04	6.79E-04	1.99E-04	9.42E-04	3.92E-04	3.89E-04	6.81E-04	5.33E-04
T[T>C]T	1.77E-08	1.02E-03	8.62E-04	8.16E-04	7.29E-04	9.65E-04	1.10E-03	1.81E-04
T[T>G]A	2.25E-08	3.38E-04	2.50E-04	3.19E-04	3.02E-04	6.18E-04	4.04E-04	3.81E-04
T[T>G]C	6.32E-05	6.24E-04	9.35E-05	6.52E-04	1.00E-03	5.42E-04	4.33E-04	1.12E-03
T[T>G]G	3.22E-08	4.38E-04	2.27E-04	1.01E-04	2.49E-04	2.73E-04	3.53E-04	2.23E-04
T[T>G]T	2.23E-08	3.86E-04	7.67E-04	4.33E-04	5.07E-04	5.34E-04	7.81E-04	3.28E-03
