MutationType	SBS96A	SBS96B	SBS96C	SBS96D	SBS96E	SBS96F	SBS96G	SBS96H
A[C>A]A	0.0060687312403243255	0.008961087377275802	0.014398577525029736	0.003867568550253928	0.018286558172581523	0.009008946865913074	0.00884182590126187	0.002853252734797351
A[C>A]C	0.0034634593872949894	0.027484445503566803	0.011110620242425711	0.003378047526798582	0.022333253095742408	0.009942905019303226	0.008691751260485034	0.0009350207739769445
A[C>A]G	7.63944751148693e-05	0.006263393075327884	0.0009634767210725892	0.008808843270148685	0.005959974143914906	0.006317565402728676	0.003533616521152965	0.00014087070023866008
A[C>A]T	9.39320381458586e-05	0.0011836084690613636	0.013370602891700684	0.009917499346847762	0.0007146158827143445	0.003330553083720389	0.001515675659814022	0.0003414479437822493
A[C>G]A	0.0020647477624175536	0.00309360169676097	0.004920497444580292	0.008171960595889515	0.0013535564312027759	0.00478114500839645	0.011968553036724642	0.0010884900608255066
A[C>G]C	0.002696767591104723	0.006806525945361415	0.0052397878508248395	0.005252195008669638	0.005948020147293533	0.006174887585114419	0.003970104001730022	0.00023345110590334173
A[C>G]G	0.0013935882956088897	0.0022774749634879043	0.004476325032278794	0.0009265121870582149	0.0003357023344874932	0.001971792042806939	0.0014625493388702893	7.515177870232037e-07
A[C>G]T	5.077303935848931e-05	0.0013759521360322414	0.000864115549593869	0.004536887100867801	0.007035152584840602	0.005444670515775591	0.005860367938320792	0.006297562633802727
A[C>T]A	0.017531508677639068	0.00756111095527622	0.018921961361772332	0.010508931190456537	0.014615394110185633	0.011468258237864007	0.0033447235707362213	0.008784238014250434
A[C>T]C	0.0027538245308679167	0.018530313899916565	0.003455153760176086	0.028470519001609775	0.015710685501977083	0.020075314335590802	0.045863967217684376	0.008191277604872997
A[C>T]G	0.011839997612290461	0.06930879887891933	0.024467389681376517	0.05419764794917683	0.10768163203261792	0.03468665416515933	0.029369971376753484	0.0173515463991923
A[C>T]T	0.014073093689512461	0.003958358528664121	0.013549274578708718	0.023344014711130966	0.006777190502262442	0.00993967336983303	0.007324006203997584	0.01186770790312469
A[T>A]A	2.315097016682106e-07	0.006843067228578548	0.0010950250309048216	0.0018850349066600813	0.002732275356839722	0.004187315125149524	0.01543994909335936	0.00021234814644479627
A[T>A]C	6.318783971508424e-06	0.009074131582553378	0.0012948230966988205	0.003929572208939334	0.010639829209143192	0.009534525166775438	0.009532113700496439	0.0001374979968782686
A[T>A]G	0.0022549643104733974	0.005502891350102033	0.0006905444313676412	0.005779681395764271	0.001922283565816123	0.002284021855425138	0.0031226393030422627	0.0014540101754425905
A[T>A]T	1.4295741778358463e-07	0.005803029996497884	0.01104731008469522	0.0053125513635711745	0.00353065544708798	0.0021599566585189223	0.0009497539529669297	0.015320853829246061
A[T>C]A	0.004531882623557522	0.008517113460559927	0.011057617438907527	0.008265391855029378	0.007042798274976292	0.009462844063154065	0.005991359106605092	0.0012701924564062406
A[T>C]C	5.697326483169007e-05	0.003169346320744637	0.009014529644382208	0.004840807184361111	0.005419568435765569	0.003610113309090366	0.0013942472579999787	0.02939734278765286
A[T>C]G	0.0027977658652689995	0.011508271421478184	0.010406519751994393	0.008771157447719986	0.00828347522541904	0.01122374128086271	0.030469405678156248	0.0001820821867342204
A[T>C]T	0.003076685725480175	0.0058226354008711215	0.005149786185348404	0.008745080502979192	0.008488712521766147	0.015069738042369637	0.008724351507460426	0.02708782789146426
A[T>G]A	0.00015893641421479643	0.001506470620675273	0.004633097875717169	0.004278328969718998	0.0012867453176402034	0.003623674415655991	0.0011363376689737948	0.010010996068966448
A[T>G]C	2.7145931518646194e-07	0.000741838347553454	0.0010092110643473262	0.0017413329823818202	0.0029008181266510745	0.0016030814550120453	0.0013256468053167226	0.017228673683705155
A[T>G]G	0.0013685931260083288	0.008300831737017731	0.0003483069070596478	0.002013371352780595	0.007881192803706085	0.0039752937616931395	0.005893201589047337	4.249283430569406e-05
A[T>G]T	0.00032002142278912514	0.0014526661374239258	0.00023777933294745425	0.0027014521600591036	0.0006832125120056354	0.0036010879819457385	0.004089024199243667	0.02732826523339895
C[C>A]A	0.004717093035049516	0.007886603387491533	0.040393806410629625	0.016087716160981813	0.008463214175828604	0.01225032715315379	0.007077161709141606	0.010439098867711607
C[C>A]C	0.0010837683869264225	0.011163477828637127	0.03991518689727002	0.004017653935917416	0.006718958518642921	0.006335702311398847	0.008481833174193482	0.0002949506515989597
C[C>A]G	0.00014638741019660451	0.003302725550801995	0.0058065744220412085	0.005013968442242191	0.0023316584637488804	0.003037341220557508	0.0017183840977467923	0.0003116100308934477
C[C>A]T	0.0013336167658513176	0.006795880036556099	0.045510181701095005	0.010847411497620101	0.0018453267781203663	0.010476649944891676	0.015670268874695806	0.0008574450710849036
C[C>G]A	0.0039813077502614536	0.005679517332568942	0.002327940219060891	0.008788236807354606	0.007004938660629421	0.006996909062594625	0.009342463465488893	0.00011353525623462701
C[C>G]C	0.005110639841717841	0.008200473470815126	0.02139871949530061	0.003926734250099528	0.005344040542785819	0.003927983741886436	0.007554758961717027	0.00021058183597991054
C[C>G]G	9.323396359459224e-05	0.0014840365193742855	0.0012841725376335944	0.0009875221284706371	0.0009235646518808948	0.003490864030557148	0.00255487321342855	0.0001471703753378506
C[C>G]T	0.007109405497985222	0.008170239137149905	0.02876256516468459	0.011260418478143776	0.008734003891189134	0.009775956566903759	0.006073844978654961	0.0010592635307028963
C[C>T]A	0.007989477605683533	0.025954428025376047	0.020726497126743196	0.01990225421725654	0.016913229131504295	0.027210114253794587	0.06346487751826771	0.017212071133367885
C[C>T]C	0.004114869120644044	0.017817379081182666	0.025136572139061	0.008198239471601738	0.021631450210739728	0.013210805247416958	0.010644050415102413	0.009981835796729826
C[C>T]G	0.017517158933464998	0.03696164768189192	0.026376249321037902	0.0103229030286667	0.10055444974452257	0.030521352767354983	0.02277693405163632	0.018953127602560363
C[C>T]T	0.007751248456667383	0.02350477827798386	0.020980562491095044	0.020002259377581596	0.02777612694475465	0.01222458316933853	0.01949706112833546	0.034416483708220084
C[T>A]A	0.004325798982356588	0.0029297122410030596	0.0043434248665035115	0.002166497464140775	0.008730273642708255	0.0035739524974311696	0.00543440293377718	0.006777428655973096
C[T>A]C	0.005848333984001073	0.008031837913936898	0.0009389917112844159	0.003616447762746504	0.004335451743243794	0.0029420965870999537	0.007030203465841933	0.006355695537674428
C[T>A]G	0.011152463891130537	0.006048012137218137	0.00810099481361533	0.0017455454369004286	0.007084568150887094	0.004483172421855066	0.0043575919490470485	0.012996897668384405
C[T>A]T	6.869420348046051e-05	0.002335884460629174	0.009242722869177555	0.013168753419071635	0.006964288389319506	0.008604562157231186	0.009348382486753714	0.0005783869023888499
C[T>C]A	0.001362017525925836	0.004165348940176754	0.004961692116426342	0.0021958893689181737	0.0027930982352930745	0.003945420177684582	0.0067369086040860535	0.0003012714814005335
C[T>C]C	0.004521392482473203	0.002737172016985028	0.009476574964081195	0.003768050492991435	0.0005281177594973841	0.0034168265511432595	0.0017853056769224732	0.020147143560341193
C[T>C]G	0.0030576911328566323	0.0025268070943067753	0.004900593908910978	0.01582644782266243	0.008992404265371845	0.011007157981459485	0.003958281493136723	0.04929835295304656
C[T>C]T	9.631310547320027e-08	0.010628311876757284	0.0011448454165238786	0.008187250299731517	0.008177864629121245	0.005354224621364807	0.013371305654824094	0.016364400230943373
C[T>G]A	6.726770672571547e-07	0.00025772806529516856	0.0005522455540591408	0.0030625972060502704	5.131863378039725e-05	0.0014675509142472265	0.0008231182678241567	0.00018969539363226318
C[T>G]C	0.0015056896801625718	0.0005708935072523502	0.00070155296051297	0.0009375608223032828	0.0020515683826911866	0.0014355632844583965	0.004763073382942338	0.018764588528091222
C[T>G]G	0.0019731554475559323	0.010030158357024704	0.013463333453522318	0.013167969529113605	0.009268825421056875	0.00860236489772447	0.0056000362188944304	0.007762191238922327
C[T>G]T	0.0005187886024984323	0.0006209591097423939	7.654040864935041e-07	0.00392546517049837	0.00038019465337754357	0.00048464929605332994	8.402830961273366e-05	0.1980638524889946
G[C>A]A	0.00927406545940073	0.008179162719908248	0.016468063921201974	0.007179769925449051	0.005262607784663231	0.009486722272817757	0.006674673562669398	0.001274570509767372
G[C>A]C	0.0007606997740122523	0.012896163303707908	0.03904442127676944	0.023158361114968214	0.01170337772104233	0.01887304699865041	0.012850134165256719	0.010563204790399502
G[C>A]G	0.002898829489487653	0.004155339902192203	0.01659220598405227	0.013150267868835393	0.004201584639705587	0.008238352997975368	0.006335608805389654	0.0009275702444997513
G[C>A]T	0.0010218929364702234	0.0043920663059137865	0.010533376864660084	0.010548456846920011	0.006419702548614907	0.01950688006450292	0.015480688943982414	0.005519686022853847
G[C>G]A	0.0003865001167811766	0.003417398890942316	0.0026802141108252897	0.008374319968910271	0.005182616052752422	0.014706519956851025	0.006254663802250207	0.0028551362129361733
G[C>G]C	0.001524484437308935	0.004985727485222497	0.00552794796638679	0.002392356716047779	0.0029760151053815063	0.006725872522750382	0.007374167284891713	0.00028680217567991664
G[C>G]G	4.426213050315653e-05	0.0015312139642180967	0.0018704520928650935	0.006270866888312696	0.0013833110432219086	0.0007932292445611466	0.0021381871952617713	0.00023018335776654907
G[C>G]T	0.0030278395194407184	0.0036876085878658673	0.007058238981779219	0.016744054410801824	0.005785689114054424	0.01002449281141537	0.003183617953504125	0.0008390107729179874
G[C>T]A	0.008716445044689748	0.016383044272400865	0.024672053709629153	0.02344602668674952	0.03065489438908358	0.024569680621255544	0.010038675198105125	0.008799473046409646
G[C>T]C	0.004553551998210281	0.02087207831561841	0.008840005042114853	0.0351069608355283	0.02274954579419159	0.02396033341790826	0.023673533233809396	0.019492060005569842
G[C>T]G	0.024429433785771833	0.12275335220620036	0.008357226033695042	0.03399539549835026	0.06583509866148234	0.034373569814622446	0.08122832260094583	0.008949728175066412
G[C>T]T	0.0038691047905720665	0.02520253640167539	0.03630267728876788	0.008132815149533883	0.02196774047871827	0.022726520502889116	0.018007084562935774	0.024618941194728735
G[T>A]A	5.679003110945047e-05	0.005183006748717958	0.009829232071477314	0.0007986839256388834	0.00651397988431313	0.00254741030673749	0.0013193805290104522	0.0010338689961971869
G[T>A]C	0.0019898571775803474	0.0019123764602387893	0.0025271379118747463	0.004041524070024742	0.0013982403117671538	0.008027926481701825	0.011289737887863254	0.00018793329058581777
G[T>A]G	0.003176307592364509	0.0029084186569990323	0.0041000783120696835	0.005209365732724862	0.0015684198715344166	0.0030588845842053304	0.008769775230511527	0.0004236243587757826
G[T>A]T	8.276218046978201e-05	0.0006780957339303484	0.004253293320869176	0.0015325126430167301	0.0011078317543986315	0.0012800733298323052	0.0006357909962205354	0.00945016197981829
G[T>C]A	0.002701003129778101	0.0036258799767227147	0.0012441775249392606	0.004397232139133962	0.005285293116078549	0.009933671783746262	0.003889244400753995	0.007967907743147862
G[T>C]C	0.0076925921800304045	0.00871770149805025	0.00029068583880942356	0.004595755032887014	0.007709662213435422	0.009080274587657443	0.007157908904526096	0.006603776602582343
G[T>C]G	0.0060485329598247975	0.00998647561806024	0.0054532736921618155	0.007364117104771992	0.006027789686727072	0.007313068122286666	0.006839728977643205	0.001279129182265386
G[T>C]T	1.301865262348656e-07	0.00936744891162249	0.0014381996850931955	0.01060062868351082	0.012715387669776845	0.008312141754478084	0.020055595949979476	0.008086469580929467
G[T>G]A	0.0017717037870894714	0.0015389070797532157	0.0006505505537619883	0.001000368827823621	0.001380794566224779	0.0022781520989566674	0.009250424700418374	9.147247427776506e-05
G[T>G]C	6.076640377727926e-07	0.001028254280458043	0.0034482444755575157	4.711783566520467e-05	0.00022730540739019034	0.0013425416041997096	0.0008915784047297848	8.945972837551608e-05
G[T>G]G	6.533791013897172e-05	0.0029799075615643835	0.005916540045503496	0.0014296461649125902	0.0018463829947765475	0.0029516212118483763	0.0017321202937066005	0.000143362319715834
G[T>G]T	0.003431809803152319	0.001765366919672502	0.0004960381343089537	0.001150868760617847	0.0015965461368510248	0.003777933289265647	0.005284137904476509	0.007339660553668637
T[C>A]A	0.009850580910571125	0.01486790686095759	0.01613542826194248	0.0214000341576309	0.010812133311512753	0.016029954191382104	0.01066517796689098	0.008815474389428974
T[C>A]C	0.010216298890430835	0.01805011697547286	0.037197565068490805	0.009040142231233403	0.013224150300881234	0.021643838006025932	0.0320018827619424	0.01078941153951993
T[C>A]G	0.0052869700158974095	0.0008817009616994121	0.022167615989676506	0.01411970477234746	0.0020957895979705475	0.004981209563666909	0.002562329862545596	0.00037170081091883136
T[C>A]T	0.0020583001974161163	0.02810375392656027	0.03066157986547637	0.012102512574082028	0.020593120171761542	0.03215879124482854	0.019337313585931923	0.00020266412451988458
T[C>G]A	0.1546062045544386	0.007222570643626583	0.003935298233382554	0.010621599584415832	0.001453200397611738	0.019739900267171196	0.013303568282024258	5.982199748885364e-05
T[C>G]C	0.04765643971040845	0.0034798196391309945	0.015746240110368036	0.04390011280872955	0.009174881338436762	0.012888388235160165	0.009289723818358766	0.0013713092387164138
T[C>G]G	0.00679542665421792	0.003548386949162463	0.00035954700346266575	0.000832600878166403	0.0008014403321961083	0.002836454484707076	0.0013991273068849042	7.592311439452715e-07
T[C>G]T	0.16060124188661576	0.008581053192456523	0.009564894555983017	0.06961529361918792	0.014957044610451931	0.0435685972322085	0.012504678198249622	0.007725786331869449
T[C>T]A	0.17150396093726158	0.03384763467348705	0.026005555247656957	0.04588764862080495	0.020883164215300665	0.057370689085109915	0.02477995442839415	0.04403508298099041
T[C>T]C	0.03325749703682959	0.03406534539644188	0.013163547988515347	0.02406547234131722	0.030986753146935372	0.02586803309980951	0.05326612989416617	0.020137554948946885
T[C>T]G	0.05405300732702017	0.05245865624327507	0.026736942386785926	0.03374388833181001	0.04543674377692866	0.03786148751413748	0.015512382477718347	0.0008220642389534305
T[C>T]T	0.07736824676394463	0.03910679274937138	0.024972655384335667	0.031093536955069397	0.027999166921590588	0.0386714838934131	0.025525822618510573	0.02558992679230869
T[T>A]A	4.952070364794281e-07	0.0021074038060292823	0.006879389530961717	0.0009534724123788863	0.002463505883267345	0.0024993960315574525	0.0056616489214979995	0.0005847235325352073
T[T>A]C	1.3374150553246978e-07	0.010068159347643615	0.006001373527425322	0.005843674018140561	0.007507125192388173	0.010855963437950322	0.006603356645361416	0.00018431431022728262
T[T>A]G	3.139422307029349e-05	0.0017202350839627912	0.001896612200742851	0.0008137953487299754	0.0012957486293714738	0.0028721266325680973	0.0016713578951328145	5.3059512169681965e-05
T[T>A]T	2.277096744678353e-05	0.0011709161842600223	0.00017382211426586025	0.004337315161495354	0.0007951299299963921	0.0011847908277411534	0.0017878558467896255	0.0009321359449842248
T[T>C]A	1.6193994479607453e-07	0.005153792295107564	0.007549622581314708	0.0029899319225165175	0.0011716816334418213	0.0025865588813864804	0.00347198420342977	0.012812243004587458
T[T>C]C	0.006949300967974494	0.003893055941748429	0.010591358639799183	0.002390541210820043	0.005052061578536211	0.007120953264569607	0.00344319914024112	0.019785429045671776
T[T>C]G	0.00013319593430558997	0.004604723060648724	0.0005877406945081143	0.008241504186837006	0.0013077274874279965	0.001448924923234287	0.003947949749231867	0.001013097263587062
T[T>C]T	1.0354042473181835e-07	0.00823842534316265	0.011179064983876011	0.008459608817672831	0.004267087022326914	0.006665447149019106	0.014131258757520053	0.0002673404576255223
T[T>G]A	4.315594140180679e-07	0.000849710331842033	0.0009152084329559074	0.0013265366498760045	0.0012774520338604135	0.003126381617788354	0.0016493732068781242	0.0019010562357627237
T[T>G]C	0.00011995325802057976	0.002878572656294978	0.00020183127612924067	0.004057160698168154	0.00643522340386994	0.0026314586109951275	0.001989695150327364	0.013861694959750537
T[T>G]G	5.909732248454702e-07	0.0026566564831267668	0.000527812592968111	0.00019827994159044238	0.0009795625861568169	0.0010593400542225596	0.0015514688630329943	0.00022406076368355343
T[T>G]T	1.5037910184645397e-07	0.001446106892298218	0.0010858482366714473	0.0025299721002417642	0.0023680777150106814	0.002187025702529439	0.005623697618694905	0.08205082885921001
