MutationType	DBS78A	DBS78B	DBS78C	DBS78D	DBS78E	DBS78F	DBS78G
AC>CA	1.97E-04	1.71E-03	2.25E-03	2.27E-03	1.71E-03	3.23E-03	2.48E-03
AC>CG	8.33E-08	4.09E-07	5.02E-07	4.62E-07	3.09E-07	5.00E-07	5.97E-07
AC>CT	1.23E-04	8.37E-04	2.34E-03	1.84E-03	1.80E-03	1.38E-03	2.63E-03
AC>GA	1.03E-04	1.62E-03	1.82E-03	1.64E-03	7.28E-04	2.18E-03	1.82E-03
AC>GG	8.33E-08	4.09E-07	5.02E-07	4.62E-07	3.09E-07	5.00E-07	5.97E-07
AC>GT	8.33E-08	4.09E-07	5.02E-07	4.62E-07	3.09E-07	5.00E-07	5.97E-07
AC>TA	6.90E-05	1.41E-03	1.94E-03	1.73E-03	1.44E-03	1.92E-03	2.74E-03
AC>TG	8.33E-08	4.09E-07	5.02E-07	4.62E-07	3.09E-07	5.00E-07	5.97E-07
AC>TT	8.54E-05	1.06E-03	1.48E-03	1.10E-03	5.74E-04	1.69E-03	1.55E-03
AT>CA	8.33E-08	4.09E-07	5.02E-07	4.62E-07	3.09E-07	5.00E-07	5.97E-07
AT>CC	8.33E-08	4.09E-07	5.02E-07	4.62E-07	3.09E-07	5.00E-07	5.97E-07
AT>CG	8.33E-08	4.09E-07	5.02E-07	4.62E-07	3.09E-07	5.00E-07	5.97E-07
AT>GA	6.22E-05	7.60E-04	7.98E-04	6.40E-04	5.35E-04	1.43E-03	1.29E-03
AT>GC	8.33E-08	4.09E-07	5.02E-07	4.62E-07	3.09E-07	5.00E-07	5.97E-07
AT>TA	8.33E-08	4.09E-07	5.02E-07	4.62E-07	3.09E-07	5.00E-07	5.97E-07
CC>AA	2.22E-03	6.48E-03	1.41E-02	8.16E-03	1.87E-03	1.01E-02	9.07E-03
CC>AG	2.17E-07	7.07E-03	2.26E-03	5.84E-03	1.83E-02	1.11E-06	1.38E-06
CC>AT	8.78E-04	1.53E-02	3.12E-03	4.02E-03	7.03E-03	2.42E-03	3.57E-03
CC>GA	6.07E-04	5.37E-03	1.08E-02	6.19E-03	5.86E-03	6.07E-03	1.40E-02
CC>GG	1.42E-04	1.95E-03	3.33E-03	2.24E-03	3.38E-03	3.40E-03	3.73E-03
CC>GT	1.55E-04	2.14E-03	3.05E-03	1.59E-03	1.11E-03	2.69E-03	3.34E-03
CC>TA	5.47E-05	5.36E-03	4.48E-03	5.62E-03	4.47E-03	7.94E-03	6.76E-03
CC>TG	2.08E-04	2.35E-03	2.91E-03	2.93E-03	3.12E-03	5.35E-03	4.65E-03
CC>TT	6.20E-04	5.49E-03	1.75E-02	7.65E-03	6.82E-03	9.28E-03	8.78E-03
CG>AT	9.01E-05	1.05E-03	2.24E-03	7.72E-04	1.45E-03	1.84E-03	1.47E-03
CG>GC	1.23E-04	3.88E-04	1.46E-03	4.99E-04	8.85E-04	9.67E-04	6.24E-04
CG>GT	3.09E-04	1.56E-03	3.45E-03	2.90E-03	1.58E-03	2.27E-03	2.48E-03
CG>TA	8.33E-08	4.09E-07	5.02E-07	4.62E-07	3.09E-07	5.00E-07	5.97E-07
CG>TC	7.46E-04	4.97E-03	3.46E-03	1.83E-03	3.25E-03	4.58E-03	7.61E-03
CG>TT	2.32E-04	5.01E-03	3.60E-03	8.77E-03	4.23E-03	1.82E-02	5.32E-03
CT>AA	6.52E-04	3.01E-03	1.87E-02	6.46E-03	7.25E-03	9.11E-03	5.99E-03
CT>AC	5.93E-05	7.06E-04	8.04E-04	6.39E-04	6.39E-04	1.17E-03	1.42E-03
CT>AG	3.73E-04	1.80E-03	3.97E-03	1.17E-03	2.40E-03	3.30E-03	2.98E-03
CT>GA	3.02E-05	5.72E-04	8.21E-04	4.08E-04	8.36E-04	1.01E-03	1.25E-03
CT>GC	8.33E-08	4.09E-07	5.02E-07	4.62E-07	3.09E-07	5.00E-07	5.97E-07
CT>GG	3.34E-07	5.11E-07	1.25E-03	9.80E-04	4.16E-04	1.16E-03	8.25E-04
CT>TA	2.39E-04	1.25E-03	6.42E-03	4.26E-03	3.09E-03	8.57E-03	8.96E-03
CT>TC	8.33E-08	4.09E-07	5.02E-07	4.62E-07	3.09E-07	5.00E-07	5.97E-07
CT>TG	3.57E-05	8.60E-04	1.71E-03	2.32E-03	3.45E-04	2.72E-03	3.04E-03
GC>AA	5.41E-04	9.67E-03	4.67E-03	8.76E-03	7.13E-03	7.24E-03	2.10E-02
GC>AG	2.39E-04	2.09E-03	4.89E-03	3.06E-03	2.30E-03	4.82E-03	4.89E-03
GC>AT	1.11E-04	1.50E-03	1.68E-03	1.85E-03	2.19E-03	2.19E-03	2.31E-03
GC>CA	6.42E-04	2.47E-03	4.83E-03	2.07E-03	1.91E-03	4.99E-03	5.12E-03
GC>CG	8.33E-08	4.09E-07	5.02E-07	4.62E-07	3.09E-07	5.00E-07	5.97E-07
GC>TA	9.68E-05	7.37E-04	1.08E-03	8.17E-04	1.32E-03	8.62E-04	1.04E-03
TA>AT	2.61E-05	4.47E-04	1.73E-03	1.22E-03	8.88E-04	8.62E-04	9.80E-04
TA>CG	8.33E-08	4.09E-07	5.02E-07	4.62E-07	3.09E-07	5.00E-07	5.97E-07
TA>CT	3.82E-05	6.12E-04	1.84E-03	7.88E-04	3.50E-04	1.02E-03	1.12E-03
TA>GC	8.33E-08	4.09E-07	5.02E-07	4.62E-07	3.09E-07	5.00E-07	5.97E-07
TA>GG	8.33E-08	4.09E-07	5.02E-07	4.62E-07	3.09E-07	5.00E-07	5.97E-07
TA>GT	9.33E-05	1.36E-03	2.26E-03	1.57E-03	7.10E-04	1.26E-03	2.04E-03
TC>AA	2.01E-04	5.00E-03	1.27E-02	8.23E-03	6.30E-03	1.34E-02	1.17E-02
TC>AG	1.62E-04	2.30E-03	2.50E-03	2.86E-03	2.38E-03	3.45E-03	2.90E-03
TC>AT	3.49E-04	1.07E-03	4.48E-03	2.60E-03	2.04E-03	2.60E-03	2.70E-03
TC>CA	1.95E-04	2.06E-03	2.79E-03	2.30E-03	2.21E-03	3.74E-03	3.59E-03
TC>CG	8.33E-08	4.09E-07	5.02E-07	4.62E-07	3.09E-07	5.00E-07	5.97E-07
TC>CT	2.27E-04	2.65E-03	4.38E-03	4.88E-03	3.46E-03	3.97E-03	5.00E-03
TC>GA	5.64E-05	5.76E-04	9.20E-04	1.44E-03	4.04E-04	9.30E-04	1.10E-03
TC>GG	7.15E-05	1.08E-03	1.28E-03	9.48E-04	2.30E-04	7.84E-04	1.97E-03
TC>GT	1.59E-04	9.32E-04	1.01E-03	4.44E-04	3.25E-04	9.87E-04	4.90E-04
TG>AA	1.25E-04	3.60E-03	7.56E-03	2.77E-03	3.89E-03	5.35E-03	8.54E-03
TG>AC	3.01E-07	5.12E-04	9.59E-04	4.29E-04	7.71E-04	1.37E-03	1.55E-03
TG>AT	5.45E-07	6.57E-03	9.92E-03	7.33E-03	4.01E-03	1.49E-02	1.30E-02
TG>CA	5.52E-05	4.41E-04	4.82E-04	1.07E-03	1.26E-04	1.40E-03	9.25E-04
TG>CC	8.33E-08	4.09E-07	5.02E-07	4.62E-07	3.09E-07	5.00E-07	5.97E-07
TG>CT	1.46E-07	4.70E-03	3.70E-03	1.45E-02	1.43E-03	4.27E-03	2.62E-03
TG>GA	1.11E-04	1.24E-03	2.32E-03	1.39E-03	1.63E-03	2.02E-03	2.55E-03
TG>GC	8.33E-08	4.09E-07	5.02E-07	4.62E-07	3.09E-07	5.00E-07	5.97E-07
TG>GT	7.27E-04	3.50E-03	5.73E-03	5.06E-04	3.16E-03	4.75E-03	3.03E-03
TT>AA	3.13E-04	1.91E-03	3.39E-03	2.33E-03	2.54E-03	4.06E-03	3.39E-03
TT>AC	7.82E-05	1.37E-03	1.64E-03	1.17E-03	7.80E-04	1.65E-03	1.97E-03
TT>AG	5.35E-05	5.89E-04	1.02E-03	7.42E-04	3.88E-04	6.39E-04	1.09E-03
TT>CA	9.31E-05	1.02E-03	1.83E-03	1.49E-03	7.52E-04	1.46E-03	1.17E-03
TT>CC	8.33E-08	4.09E-07	5.02E-07	4.62E-07	3.09E-07	5.00E-07	5.97E-07
TT>CG	8.33E-08	4.09E-07	5.02E-07	4.62E-07	3.09E-07	5.00E-07	5.97E-07
TT>GA	3.23E-07	2.42E-04	6.05E-04	8.80E-04	3.72E-04	1.31E-03	1.17E-03
TT>GC	8.33E-08	4.09E-07	5.02E-07	4.62E-07	3.09E-07	5.00E-07	5.97E-07
TT>GG	8.33E-08	4.09E-07	5.02E-07	4.62E-07	3.09E-07	5.00E-07	5.97E-07
