MutationType	DBS78A	DBS78B	DBS78C	DBS78D	DBS78E
AC>CA	3.29E-07	4.50E-07	3.10E-07	4.54E-07	3.77E-07
AC>CG	3.29E-07	4.50E-07	3.10E-07	4.54E-07	3.77E-07
AC>CT	3.29E-07	4.50E-07	3.10E-07	4.54E-07	3.77E-07
AC>GA	3.29E-07	4.50E-07	3.10E-07	4.54E-07	3.77E-07
AC>GG	3.29E-07	4.50E-07	3.10E-07	4.54E-07	3.77E-07
AC>GT	3.29E-07	4.50E-07	3.10E-07	4.54E-07	3.77E-07
AC>TA	1.35E-03	3.83E-03	1.53E-03	2.14E-03	4.06E-03
AC>TG	3.29E-07	4.50E-07	3.10E-07	4.54E-07	3.77E-07
AC>TT	1.48E-03	5.69E-07	3.22E-03	3.58E-03	1.73E-03
AT>CA	3.29E-07	4.50E-07	3.10E-07	4.54E-07	3.77E-07
AT>CC	3.29E-07	4.50E-07	3.10E-07	4.54E-07	3.77E-07
AT>CG	3.29E-07	4.50E-07	3.10E-07	4.54E-07	3.77E-07
AT>GA	3.29E-07	4.50E-07	3.10E-07	4.54E-07	3.77E-07
AT>GC	3.29E-07	4.50E-07	3.10E-07	4.54E-07	3.77E-07
AT>TA	6.93E-04	1.06E-03	4.26E-03	5.86E-03	4.24E-03
CC>AA	1.59E-02	2.29E-02	2.22E-02	1.74E-02	8.24E-03
CC>AG	5.20E-03	1.62E-02	5.21E-03	3.33E-03	1.24E-02
CC>AT	5.50E-03	1.58E-03	1.59E-02	4.94E-03	5.93E-03
CC>GA	3.02E-03	4.53E-03	3.90E-03	7.66E-03	6.00E-03
CC>GG	3.29E-07	4.50E-07	3.10E-07	4.54E-07	3.77E-07
CC>GT	1.50E-03	2.12E-03	1.04E-03	2.92E-03	4.09E-03
CC>TA	2.52E-03	2.41E-03	4.98E-03	4.92E-03	3.34E-03
CC>TG	3.29E-07	4.50E-07	3.10E-07	4.54E-07	3.77E-07
CC>TT	2.37E-03	5.60E-03	4.58E-03	3.88E-03	1.54E-02
CG>AT	1.19E-03	8.78E-03	9.19E-04	3.91E-03	4.94E-03
CG>GC	4.91E-07	5.72E-04	1.44E-03	7.61E-07	6.93E-03
CG>GT	1.16E-03	4.07E-03	3.94E-03	4.99E-03	4.40E-03
CG>TA	3.29E-07	4.50E-07	3.10E-07	4.54E-07	3.77E-07
CG>TC	3.29E-07	4.50E-07	3.10E-07	4.54E-07	3.77E-07
CG>TT	4.25E-03	5.78E-03	7.98E-03	9.30E-03	7.17E-03
CT>AA	6.38E-03	4.19E-03	8.63E-03	1.05E-02	8.67E-03
CT>AC	3.29E-07	4.50E-07	3.10E-07	4.54E-07	3.77E-07
CT>AG	2.87E-03	1.06E-02	2.31E-03	7.30E-03	6.05E-03
CT>GA	3.29E-07	4.50E-07	3.10E-07	4.54E-07	3.77E-07
CT>GC	3.29E-07	4.50E-07	3.10E-07	4.54E-07	3.77E-07
CT>GG	3.29E-07	4.50E-07	3.10E-07	4.54E-07	3.77E-07
CT>TA	4.88E-03	2.13E-03	1.46E-03	2.87E-03	8.23E-03
CT>TC	3.29E-07	4.50E-07	3.10E-07	4.54E-07	3.77E-07
CT>TG	3.29E-07	4.50E-07	3.10E-07	4.54E-07	3.77E-07
GC>AA	1.92E-03	6.41E-03	8.69E-03	8.21E-03	1.18E-02
GC>AG	3.29E-07	4.50E-07	3.10E-07	4.54E-07	3.77E-07
GC>AT	3.29E-07	4.50E-07	3.10E-07	4.54E-07	3.77E-07
GC>CA	1.22E-03	6.65E-04	2.52E-03	4.62E-03	1.33E-03
GC>CG	3.29E-07	4.50E-07	3.10E-07	4.54E-07	3.77E-07
GC>TA	3.29E-07	4.50E-07	3.10E-07	4.54E-07	3.77E-07
TA>AT	3.29E-07	4.50E-07	3.10E-07	4.54E-07	3.77E-07
TA>CG	3.29E-07	4.50E-07	3.10E-07	4.54E-07	3.77E-07
TA>CT	3.29E-07	4.50E-07	3.10E-07	4.54E-07	3.77E-07
TA>GC	3.29E-07	4.50E-07	3.10E-07	4.54E-07	3.77E-07
TA>GG	3.29E-07	4.50E-07	3.10E-07	4.54E-07	3.77E-07
TA>GT	3.29E-07	4.50E-07	3.10E-07	4.54E-07	3.77E-07
TC>AA	3.06E-03	5.05E-03	3.31E-03	3.25E-03	6.01E-03
TC>AG	1.39E-03	1.96E-03	1.15E-03	2.62E-03	4.90E-03
TC>AT	2.18E-03	2.84E-03	1.10E-03	2.72E-03	6.11E-03
TC>CA	1.44E-03	5.59E-03	8.99E-04	3.91E-03	1.90E-03
TC>CG	3.29E-07	4.50E-07	3.10E-07	4.54E-07	3.77E-07
TC>CT	2.78E-03	2.93E-03	2.44E-03	2.48E-03	3.90E-03
TC>GA	3.29E-07	4.50E-07	3.10E-07	4.54E-07	3.77E-07
TC>GG	3.29E-07	4.50E-07	3.10E-07	4.54E-07	3.77E-07
TC>GT	3.29E-07	4.50E-07	3.10E-07	4.54E-07	3.77E-07
TG>AA	1.75E-03	3.29E-03	5.66E-03	8.09E-03	5.62E-03
TG>AC	3.29E-07	4.50E-07	3.10E-07	4.54E-07	3.77E-07
TG>AT	1.65E-03	3.72E-03	2.51E-03	6.20E-03	1.12E-02
TG>CA	3.29E-07	4.50E-07	3.10E-07	4.54E-07	3.77E-07
TG>CC	3.29E-07	4.50E-07	3.10E-07	4.54E-07	3.77E-07
TG>CT	4.01E-03	4.14E-03	4.95E-03	1.23E-02	6.38E-03
TG>GA	3.29E-07	4.50E-07	3.10E-07	4.54E-07	3.77E-07
TG>GC	3.29E-07	4.50E-07	3.10E-07	4.54E-07	3.77E-07
TG>GT	3.29E-07	4.50E-07	3.10E-07	4.54E-07	3.77E-07
TT>AA	3.29E-07	4.50E-07	3.10E-07	4.54E-07	3.77E-07
TT>AC	3.29E-07	4.50E-07	3.10E-07	4.54E-07	3.77E-07
TT>AG	2.24E-03	1.77E-03	2.01E-03	2.87E-03	4.69E-07
TT>CA	3.29E-07	4.50E-07	3.10E-07	4.54E-07	3.77E-07
TT>CC	3.29E-07	4.50E-07	3.10E-07	4.54E-07	3.77E-07
TT>CG	3.29E-07	4.50E-07	3.10E-07	4.54E-07	3.77E-07
TT>GA	3.29E-07	4.50E-07	3.10E-07	4.54E-07	3.77E-07
TT>GC	3.29E-07	4.50E-07	3.10E-07	4.54E-07	3.77E-07
TT>GG	3.29E-07	4.50E-07	3.10E-07	4.54E-07	3.77E-07
