MutationType	SBS96A	SBS96B	SBS96C	SBS96D	SBS96E	SBS96F	SBS96G	SBS96H
A[C>A]A	1.17E-03	1.11E-03	1.17E-03	1.63E-03	7.50E-04	4.05E-04	1.18E-03	1.87E-03
A[C>A]C	1.09E-03	1.09E-03	1.00E-03	1.59E-03	8.99E-04	3.82E-04	1.33E-03	1.40E-03
A[C>A]G	9.35E-04	8.56E-04	1.08E-03	1.14E-03	3.41E-04	2.37E-04	8.76E-04	1.14E-03
A[C>A]T	1.08E-03	9.26E-04	1.08E-03	9.44E-04	6.18E-04	2.83E-04	1.07E-03	1.09E-03
A[C>G]A	4.09E-04	3.68E-04	5.21E-04	7.05E-04	3.64E-04	1.47E-04	4.51E-04	9.06E-04
A[C>G]C	4.78E-04	2.83E-04	3.48E-04	3.56E-04	6.75E-05	0.00E+00	3.88E-04	4.69E-04
A[C>G]G	3.69E-04	2.60E-04	3.68E-04	3.92E-04	1.57E-04	2.05E-04	3.09E-04	4.53E-04
A[C>G]T	3.98E-04	3.54E-04	4.47E-04	6.56E-04	3.54E-04	0.00E+00	4.64E-04	6.62E-04
A[C>T]A	6.48E-04	5.62E-04	7.95E-04	1.05E-03	3.53E-04	3.18E-04	6.32E-04	1.32E-03
A[C>T]C	1.01E-03	5.61E-04	8.50E-04	1.20E-03	5.30E-04	1.86E-04	7.31E-04	1.61E-03
A[C>T]G	9.13E-04	4.27E-04	4.33E-04	1.16E-03	9.37E-04	2.31E-04	9.92E-04	2.03E-03
A[C>T]T	4.12E-04	4.14E-04	4.48E-04	8.28E-04	3.34E-04	1.57E-04	5.24E-04	1.14E-03
A[T>A]A	4.21E-04	4.16E-04	4.07E-04	3.62E-04	3.60E-04	2.14E-04	3.70E-04	2.94E-04
A[T>A]C	6.39E-04	2.63E-04	3.66E-04	5.12E-04	1.76E-04	1.13E-04	6.20E-04	1.21E-03
A[T>A]G	4.66E-04	3.81E-04	6.85E-04	1.01E-03	5.92E-04	2.49E-04	5.45E-04	1.02E-03
A[T>A]T	2.98E-04	2.84E-04	2.94E-04	3.39E-04	2.76E-04	2.17E-04	3.01E-04	3.53E-04
A[T>C]A	5.63E-04	5.00E-04	5.75E-04	9.10E-04	4.11E-04	2.28E-04	7.88E-04	9.43E-04
A[T>C]C	3.06E-04	1.01E-04	4.08E-04	4.81E-04	1.58E-04	1.03E-04	4.17E-04	7.15E-04
A[T>C]G	5.40E-04	4.84E-04	7.32E-04	5.60E-04	4.57E-04	3.14E-04	5.06E-04	1.30E-03
A[T>C]T	3.81E-04	2.72E-04	5.78E-04	6.75E-04	3.87E-04	2.35E-04	4.35E-04	9.07E-04
A[T>G]A	1.30E-04	9.66E-05	1.13E-04	1.06E-04	1.80E-05	1.02E-04	1.18E-04	1.17E-04
A[T>G]C	1.15E-04	6.58E-05	1.21E-04	1.97E-04	1.47E-04	2.57E-04	1.37E-04	2.51E-04
A[T>G]G	3.33E-04	2.62E-04	3.69E-04	3.52E-04	2.25E-04	1.04E-04	2.78E-04	5.13E-04
A[T>G]T	1.07E-04	1.12E-05	1.16E-04	1.61E-04	1.34E-04	4.64E-04	1.09E-04	1.55E-04
C[C>A]A	1.61E-03	1.25E-03	1.89E-03	1.96E-03	1.17E-03	4.98E-04	1.57E-03	2.40E-03
C[C>A]C	1.57E-03	1.75E-03	1.97E-03	2.38E-03	1.14E-03	5.93E-04	1.93E-03	1.95E-03
C[C>A]G	1.12E-03	1.03E-03	1.10E-03	1.75E-03	8.18E-04	3.82E-04	1.19E-03	1.96E-03
C[C>A]T	1.90E-03	1.69E-03	1.79E-03	1.58E-03	9.97E-04	4.23E-04	1.93E-03	1.49E-03
C[C>G]A	5.74E-04	3.51E-04	5.26E-04	7.91E-04	5.89E-04	2.42E-04	5.88E-04	1.20E-03
C[C>G]C	4.49E-04	6.43E-04	5.73E-04	8.64E-04	4.13E-04	1.57E-04	6.22E-04	7.30E-04
C[C>G]G	3.95E-04	3.98E-04	4.39E-04	7.76E-04	3.52E-04	2.26E-04	4.77E-04	7.13E-04
C[C>G]T	5.21E-04	4.36E-04	6.47E-04	5.63E-04	3.27E-04	9.75E-05	4.36E-04	7.07E-04
C[C>T]A	1.03E-03	7.46E-04	8.90E-04	1.19E-03	7.33E-04	3.67E-04	9.95E-04	1.92E-03
C[C>T]C	1.42E-03	5.97E-04	1.11E-03	1.32E-03	7.82E-04	2.66E-04	9.32E-04	1.88E-03
C[C>T]G	1.27E-03	4.63E-04	8.06E-04	1.06E-03	8.28E-04	2.50E-04	1.02E-03	1.95E-03
C[C>T]T	7.62E-04	8.37E-04	8.31E-04	1.53E-03	5.80E-04	4.18E-04	1.03E-03	1.48E-03
C[T>A]A	3.98E-04	4.08E-04	4.18E-04	5.34E-04	3.88E-04	1.96E-04	4.23E-04	6.74E-04
C[T>A]C	6.92E-04	5.96E-04	5.24E-04	1.00E-03	5.62E-04	3.35E-04	7.12E-04	1.02E-03
C[T>A]G	9.74E-04	1.09E-03	1.06E-03	1.43E-03	7.54E-04	4.06E-04	1.37E-03	1.34E-03
C[T>A]T	6.38E-04	5.97E-04	8.98E-04	1.01E-03	5.01E-04	5.21E-04	4.91E-04	1.29E-03
C[T>C]A	3.24E-04	3.87E-04	4.97E-04	5.00E-04	3.37E-04	2.80E-04	5.35E-04	6.73E-04
C[T>C]C	3.05E-04	2.79E-04	4.06E-04	4.95E-04	4.89E-04	5.61E-04	3.79E-04	6.51E-04
C[T>C]G	5.16E-04	5.67E-04	7.67E-04	8.56E-04	6.75E-04	4.31E-04	4.84E-04	9.20E-04
C[T>C]T	3.00E-04	2.54E-04	6.21E-04	5.93E-04	1.15E-04	5.56E-04	3.65E-04	1.07E-03
C[T>G]A	9.88E-05	1.94E-04	1.56E-04	1.47E-04	1.56E-08	2.49E-09	1.74E-04	1.64E-04
C[T>G]C	1.75E-04	4.84E-05	2.73E-04	2.57E-04	1.91E-04	3.83E-04	7.39E-05	5.00E-04
C[T>G]G	5.16E-04	4.95E-04	4.35E-04	8.05E-04	1.09E-04	2.77E-04	6.94E-04	7.32E-04
C[T>G]T	7.64E-05	8.41E-05	1.88E-04	1.64E-04	2.14E-04	8.95E-04	5.78E-05	3.88E-04
G[C>A]A	1.36E-03	1.03E-03	1.32E-03	1.44E-03	6.30E-04	4.15E-04	1.22E-03	1.17E-03
G[C>A]C	1.09E-03	1.13E-03	1.25E-03	1.52E-03	6.74E-04	4.46E-04	1.28E-03	1.82E-03
G[C>A]G	1.16E-03	9.22E-04	1.07E-03	2.02E-03	8.51E-04	3.43E-04	1.20E-03	1.79E-03
G[C>A]T	1.28E-03	1.05E-03	1.15E-03	1.73E-03	5.27E-04	4.34E-04	1.33E-03	1.42E-03
G[C>G]A	4.73E-04	4.49E-04	3.21E-04	6.09E-04	4.26E-04	2.10E-04	4.71E-04	5.15E-04
G[C>G]C	6.25E-04	5.77E-04	6.18E-04	8.07E-04	2.47E-04	2.03E-04	6.21E-04	9.36E-04
G[C>G]G	5.81E-04	6.12E-04	6.11E-04	7.47E-04	1.47E-04	2.26E-04	8.57E-04	9.73E-04
G[C>G]T	4.26E-04	3.87E-04	6.78E-04	6.07E-04	4.42E-04	2.43E-04	3.92E-04	7.04E-04
G[C>T]A	5.15E-04	5.06E-04	5.57E-04	8.42E-04	7.40E-04	2.61E-04	5.68E-04	1.21E-03
G[C>T]C	5.51E-04	5.61E-04	4.29E-04	9.27E-04	6.63E-04	2.95E-04	5.41E-04	6.99E-04
G[C>T]G	6.78E-04	5.58E-04	8.90E-04	1.42E-03	9.03E-04	1.83E-04	8.71E-04	1.93E-03
G[C>T]T	5.60E-04	5.39E-04	4.84E-04	1.04E-03	7.38E-04	1.57E-04	7.93E-04	1.40E-03
G[T>A]A	3.27E-04	4.19E-04	6.05E-04	7.46E-04	2.15E-04	2.92E-04	5.86E-04	8.09E-04
G[T>A]C	6.13E-04	4.00E-04	4.05E-04	6.25E-04	2.83E-04	1.78E-04	7.63E-04	8.12E-04
G[T>A]G	5.47E-04	5.11E-04	7.74E-04	1.10E-03	4.75E-04	2.01E-04	6.03E-04	1.31E-03
G[T>A]T	4.70E-04	3.29E-04	4.03E-04	3.30E-04	5.30E-05	2.20E-04	3.51E-04	3.90E-04
G[T>C]A	5.69E-04	3.39E-04	4.42E-04	8.21E-04	3.65E-04	2.78E-04	4.50E-04	1.09E-03
G[T>C]C	2.87E-04	1.94E-04	5.07E-04	4.53E-04	2.17E-04	1.93E-04	3.26E-04	1.12E-03
G[T>C]G	4.06E-04	3.03E-04	5.49E-04	8.42E-04	4.48E-04	2.09E-04	5.03E-04	6.99E-04
G[T>C]T	2.74E-04	3.21E-04	2.18E-04	6.42E-04	2.31E-04	2.15E-04	3.70E-04	7.65E-04
G[T>G]A	2.46E-04	1.30E-04	1.37E-04	2.13E-04	5.48E-05	1.03E-09	1.43E-04	2.30E-04
G[T>G]C	1.29E-04	1.78E-04	7.34E-05	2.59E-04	8.29E-05	1.34E-04	2.08E-04	2.93E-04
G[T>G]G	9.44E-05	3.41E-04	1.39E-04	3.07E-04	2.25E-04	1.44E-04	3.34E-04	2.99E-04
G[T>G]T	1.84E-04	2.08E-04	8.05E-05	3.27E-04	9.52E-05	4.86E-04	2.64E-04	3.99E-04
T[C>A]A	1.48E-03	1.17E-03	1.29E-03	9.29E-04	7.87E-04	4.98E-04	1.45E-03	1.13E-03
T[C>A]C	1.56E-03	1.44E-03	1.67E-03	2.24E-03	8.72E-04	5.09E-04	1.44E-03	2.31E-03
T[C>A]G	4.57E-04	6.69E-04	7.81E-04	7.40E-04	5.58E-04	1.68E-04	8.42E-04	9.16E-04
T[C>A]T	1.22E-03	1.03E-03	1.36E-03	1.65E-03	8.67E-04	4.19E-04	1.07E-03	1.47E-03
T[C>G]A	7.74E-04	4.16E-04	8.55E-04	9.01E-04	1.22E-03	2.25E-04	8.40E-04	7.00E-04
T[C>G]C	7.90E-04	4.87E-04	6.76E-04	9.02E-04	5.76E-04	2.32E-04	6.93E-04	9.22E-04
T[C>G]G	5.02E-04	2.59E-04	3.35E-04	5.09E-04	1.96E-04	2.54E-09	6.30E-04	7.45E-04
T[C>G]T	8.50E-04	7.37E-04	1.30E-03	1.40E-03	1.13E-03	2.28E-04	8.68E-04	1.85E-03
T[C>T]A	1.02E-03	6.64E-04	1.23E-03	1.69E-03	1.23E-03	9.81E-04	1.23E-03	1.76E-03
T[C>T]C	7.59E-04	4.92E-04	8.27E-04	1.37E-03	7.76E-04	6.16E-04	7.99E-04	1.46E-03
T[C>T]G	5.10E-04	5.77E-04	8.10E-04	1.04E-03	7.51E-04	3.36E-04	8.72E-04	1.62E-03
T[C>T]T	6.31E-04	6.72E-04	1.05E-03	1.48E-03	1.02E-03	7.80E-04	9.90E-04	1.36E-03
T[T>A]A	2.97E-04	1.81E-04	4.88E-04	4.91E-04	1.73E-04	1.93E-04	2.79E-04	6.93E-04
T[T>A]C	4.48E-04	2.78E-04	2.78E-04	4.86E-04	3.95E-04	2.28E-04	4.14E-04	4.19E-04
T[T>A]G	5.37E-04	3.48E-04	7.40E-04	7.24E-04	2.61E-04	2.73E-04	5.75E-04	1.20E-03
T[T>A]T	4.41E-04	3.72E-04	2.01E-04	3.58E-04	8.69E-05	2.85E-04	4.95E-04	5.93E-04
T[T>C]A	2.85E-04	2.90E-04	3.49E-04	5.11E-04	1.26E-04	2.12E-04	3.86E-04	5.72E-04
T[T>C]C	1.93E-04	1.16E-04	3.16E-04	6.20E-04	3.22E-04	2.97E-04	3.05E-04	7.66E-04
T[T>C]G	2.46E-04	4.45E-04	3.06E-04	4.13E-04	3.08E-04	2.63E-04	4.06E-04	3.79E-04
T[T>C]T	2.75E-04	1.02E-04	4.99E-04	3.93E-04	7.38E-05	2.19E-04	2.53E-04	6.42E-04
T[T>G]A	1.16E-05	1.98E-05	5.73E-05	1.86E-04	2.15E-04	1.77E-04	8.73E-05	1.05E-04
T[T>G]C	1.97E-04	1.18E-04	1.57E-04	2.37E-04	2.98E-05	3.00E-04	1.87E-04	1.49E-04
T[T>G]G	2.04E-04	1.34E-04	2.34E-04	3.44E-04	1.20E-04	2.55E-04	1.53E-04	3.25E-04
T[T>G]T	1.01E-04	5.14E-05	7.07E-05	2.25E-04	1.40E-04	8.34E-04	1.51E-04	1.91E-04
