NMF_Replicate	L1	L1 %	L2	L2 %	KL Divergence	Correlation	Convergence Iterations
1	0.0	0.0	0.0	0.0	0.0	1.0	30000.0
2	0.001	0.06	0.0	0.027	0.0	1.0	30000.0
3	0.003	0.198	0.001	0.095	0.0	1.0	40000.0
4	0.0	0.0	0.0	0.0	0.0	1.0	30000.0
5	0.067	3.993	0.047	2.895	0.019	0.998	60000.0
6	0.0	0.0	0.0	0.0	0.0	1.0	40000.0
7	0.2	19.847	0.141	14.14	0.137	0.941	30000.0
8	0.0	0.0	0.0	0.0	0.0	1.0	40000.0
9	0.0	0.0	0.0	0.0	0.0	1.0	40000.0
10	0.001	0.06	0.0	0.026	0.0	1.0	30000.0
11	0.2	19.847	0.141	14.14	0.137	0.941	20000.0
12	0.2	19.847	0.141	14.14	0.137	0.941	20000.0
13	0.267	19.913	0.163	13.93	0.149	0.938	40000.0
14	0.2	19.847	0.141	14.14	0.137	0.941	20000.0
15	0.0	0.0	0.0	0.0	0.0	1.0	20000.0
16	0.001	0.083	0.001	0.051	0.0	1.0	40000.0
17	0.0	0.0	0.0	0.0	0.0	1.0	30000.0
18	0.0	0.0	0.0	0.0	0.0	1.0	50000.0
19	0.2	19.847	0.141	14.14	0.137	0.941	40000.0
20	0.0	0.0	0.0	0.0	0.0	1.0	30000.0
21	0.267	19.913	0.163	13.93	0.149	0.938	60000.0
22	0.401	34.835	0.284	26.26	0.241	0.897	50000.0
23	0.2	19.847	0.141	14.14	0.137	0.941	40000.0
24	0.002	0.095	0.001	0.05	0.0	1.0	40000.0
25	0.0	0.0	0.0	0.0	0.0	1.0	20000.0
26	0.001	0.083	0.001	0.052	0.0	1.0	90000.0
27	0.2	19.847	0.141	14.14	0.137	0.941	20000.0
28	0.002	0.107	0.001	0.05	0.0	1.0	50000.0
29	0.0	0.0	0.0	0.0	0.0	1.0	50000.0
30	0.0	0.0	0.0	0.0	0.0	1.0	20000.0
31	0.0	0.0	0.0	0.0	0.0	1.0	30000.0
32	0.002	0.116	0.001	0.057	0.0	1.0	50000.0
33	0.0	0.0	0.0	0.0	0.0	1.0	20000.0
34	0.002	0.119	0.001	0.06	0.0	1.0	40000.0
35	0.2	19.847	0.141	14.14	0.137	0.941	20000.0
36	0.467	39.76	0.305	28.07	0.287	0.879	20000.0
37	0.002	0.095	0.001	0.05	0.0	1.0	30000.0
38	0.001	0.083	0.001	0.052	0.0	1.0	30000.0
39	0.2	19.847	0.141	14.14	0.137	0.941	20000.0
40	0.002	0.095	0.001	0.05	0.0	1.0	30000.0
41	0.0	0.0	0.0	0.0	0.0	1.0	120000.0
42	0.0	0.0	0.0	0.0	0.0	1.0	40000.0
43	0.001	0.06	0.0	0.026	0.0	1.0	20000.0
44	0.201	19.907	0.142	14.167	0.137	0.941	30000.0
45	0.2	19.847	0.141	14.14	0.137	0.941	20000.0
46	0.001	0.06	0.0	0.026	0.0	1.0	30000.0
47	0.2	19.847	0.141	14.14	0.137	0.941	30000.0
48	0.2	19.847	0.141	14.14	0.137	0.941	40000.0
49	0.2	19.847	0.141	14.14	0.137	0.941	30000.0
50	0.0	0.0	0.0	0.0	0.0	1.0	50000.0
51	0.2	19.847	0.141	14.14	0.137	0.941	40000.0
52	0.2	19.847	0.141	14.14	0.137	0.941	20000.0
53	0.0	0.0	0.0	0.0	0.0	1.0	70000.0
54	0.267	19.912	0.189	14.145	0.149	0.933	40000.0
55	0.2	19.847	0.141	14.14	0.137	0.941	60000.0
56	0.2	19.847	0.141	14.14	0.137	0.941	20000.0
57	0.201	14.964	0.142	12.096	0.103	0.956	50000.0
58	0.003	0.125	0.001	0.069	0.0	1.0	20000.0
59	0.0	0.0	0.0	0.0	0.0	1.0	30000.0
60	0.267	19.912	0.189	14.145	0.149	0.933	20000.0
61	0.0	0.0	0.0	0.0	0.0	1.0	40000.0
62	0.2	19.847	0.141	14.14	0.137	0.941	20000.0
63	0.0	0.0	0.0	0.0	0.0	1.0	40000.0
64	0.267	19.913	0.163	13.93	0.149	0.938	70000.0
65	0.267	19.912	0.189	14.145	0.149	0.933	30000.0
66	0.0	0.0	0.0	0.0	0.0	1.0	20000.0
67	0.0	0.0	0.0	0.0	0.0	1.0	40000.0
68	0.0	0.0	0.0	0.0	0.0	1.0	50000.0
69	0.2	19.847	0.141	14.14	0.137	0.941	30000.0
70	0.0	0.0	0.0	0.0	0.0	1.0	40000.0
71	0.2	19.847	0.141	14.14	0.137	0.941	120000.0
72	0.2	19.847	0.141	14.14	0.137	0.941	40000.0
73	0.0	0.0	0.0	0.0	0.0	1.0	20000.0
74	0.0	0.0	0.0	0.0	0.0	1.0	20000.0
75	0.2	14.905	0.141	12.069	0.103	0.956	40000.0
76	0.2	19.847	0.141	14.14	0.137	0.941	30000.0
77	0.0	0.0	0.0	0.0	0.0	1.0	40000.0
78	0.2	19.847	0.141	14.14	0.137	0.941	30000.0
79	0.001	0.083	0.001	0.051	0.0	1.0	20000.0
80	0.2	19.847	0.141	14.14	0.137	0.941	20000.0
81	0.467	39.76	0.305	28.07	0.287	0.879	40000.0
82	0.2	19.847	0.141	14.14	0.137	0.941	40000.0
83	0.002	0.128	0.001	0.067	0.0	1.0	30000.0
84	0.2	19.847	0.141	14.14	0.137	0.941	20000.0
85	0.004	0.241	0.002	0.147	0.0	1.0	40000.0
86	0.0	0.0	0.0	0.0	0.0	1.0	20000.0
87	0.2	19.847	0.141	14.14	0.137	0.941	50000.0
88	0.0	0.0	0.0	0.0	0.0	1.0	50000.0
89	0.2	19.847	0.141	14.14	0.137	0.941	20000.0
90	0.2	19.847	0.141	14.14	0.137	0.941	30000.0
91	0.0	0.0	0.0	0.0	0.0	1.0	50000.0
92	0.001	0.06	0.0	0.026	0.0	1.0	20000.0
93	0.267	19.868	0.163	13.93	0.149	0.938	70000.0
94	0.0	0.0	0.0	0.0	0.0	1.0	20000.0
95	0.0	0.0	0.0	0.0	0.0	1.0	40000.0
96	0.0	0.0	0.0	0.0	0.0	1.0	20000.0
97	0.268	19.972	0.164	13.956	0.149	0.938	40000.0
98	0.001	0.083	0.001	0.051	0.0	1.0	30000.0
99	0.267	19.912	0.189	14.145	0.149	0.933	40000.0
100	0.2	19.847	0.141	14.14	0.137	0.941	60000.0
