MutationType	TCGA_44_5645_01A	TCGA_44_A479_01A	TCGA_49_4510_01A	TCGA_49_AARE_01A	TCGA_49_AARN_01A	TCGA_49_AARO_01A	TCGA_49_AARQ_01A	TCGA_4B_A93V_01A	TCGA_50_8457_01A	TCGA_55_7910_01A	TCGA_55_7913_01B	TCGA_55_8508_01A	TCGA_55_8514_01A	TCGA_69_8253_01A	TCGA_69_A59K_01A	TCGA_86_7714_01A	TCGA_99_8025_01A	TCGA_99_8028_01A	TCGA_99_AA5R_01A	TCGA_L9_A5IP_01A	TCGA_L9_A8F4_01A	TCGA_NJ_A4YF_01A	TCGA_S2_AA1A_01A
A[C>A]A	1	9	0	27	11	27	23	3	1	4	6	8	8	5	18	0	11	15	0	4	31	14	4
A[C>A]C	0	13	0	43	16	20	12	6	2	10	10	5	7	5	9	1	16	21	1	10	25	19	6
A[C>A]G	0	6	1	20	5	13	23	3	1	5	7	3	4	2	4	1	3	14	2	4	17	15	1
A[C>A]T	0	13	1	21	8	13	19	5	0	6	4	0	3	2	13	0	6	11	2	5	24	14	3
A[C>G]A	0	0	0	8	2	1	4	2	0	2	2	2	2	2	5	1	3	4	0	1	7	4	0
A[C>G]C	0	0	1	3	0	4	5	0	0	1	0	0	4	0	2	0	0	2	0	2	3	3	0
A[C>G]G	0	0	0	7	4	3	2	0	0	2	1	1	1	0	1	0	1	0	1	1	3	4	0
A[C>G]T	0	1	1	8	0	0	3	1	0	0	1	1	1	2	5	0	2	4	0	2	5	3	0
A[C>T]A	4	2	0	18	8	5	7	0	0	3	1	3	0	2	3	2	2	7	0	0	10	6	1
A[C>T]C	0	1	1	4	3	1	1	1	0	0	7	3	4	2	4	0	5	7	1	1	10	11	4
A[C>T]G	4	1	0	5	4	2	4	3	3	7	6	6	7	1	10	1	7	2	0	1	5	4	0
A[C>T]T	0	0	1	4	3	0	3	1	0	4	1	0	2	0	6	1	3	3	0	1	6	1	0
A[T>A]A	0	1	0	5	4	5	3	0	0	1	4	0	1	0	2	0	3	3	1	0	3	5	0
A[T>A]C	1	0	0	4	1	1	1	1	0	3	1	1	3	0	8	1	1	1	0	1	4	3	1
A[T>A]G	1	2	1	13	5	4	10	0	0	1	1	1	2	5	2	2	4	3	0	4	7	3	0
A[T>A]T	0	0	0	5	4	3	3	0	0	3	1	0	2	1	2	0	2	2	0	1	2	2	0
A[T>C]A	0	2	0	14	5	2	6	2	1	2	0	1	3	3	1	2	4	2	2	4	4	6	1
A[T>C]C	0	0	1	3	1	0	4	1	0	0	1	1	3	0	1	1	0	0	1	1	4	1	0
A[T>C]G	4	2	0	8	8	4	3	5	1	3	1	0	3	0	2	0	5	4	0	3	9	4	1
A[T>C]T	1	2	1	7	4	0	1	0	1	0	2	4	0	1	2	0	2	1	0	3	7	4	0
A[T>G]A	0	0	0	1	1	1	0	0	0	0	0	0	0	0	1	0	0	0	1	0	1	0	0
A[T>G]C	0	0	0	1	5	0	0	0	0	1	0	0	1	1	0	0	1	0	0	0	0	0	1
A[T>G]G	0	0	0	4	1	4	1	1	0	1	0	1	2	1	0	0	2	0	0	1	5	2	0
A[T>G]T	0	0	0	0	14	0	1	0	0	0	0	1	0	0	1	0	1	0	0	0	1	1	0
C[C>A]A	0	19	1	78	21	31	56	7	2	17	14	9	18	6	32	2	20	23	3	17	47	48	14
C[C>A]C	0	24	3	100	25	42	48	4	2	16	20	8	21	5	39	1	19	27	2	18	43	54	8
C[C>A]G	0	10	1	51	11	15	18	4	1	10	13	7	7	8	16	4	10	11	1	12	17	10	2
C[C>A]T	0	27	1	61	11	52	33	7	3	17	13	7	14	4	35	1	16	37	3	19	28	30	3
C[C>G]A	1	0	0	11	4	3	8	2	2	3	6	4	3	2	5	1	3	3	0	1	8	6	1
C[C>G]C	0	3	1	12	2	8	6	1	0	6	3	1	0	0	4	1	4	7	1	4	6	3	0
C[C>G]G	0	3	0	13	4	1	5	0	1	2	0	2	0	0	2	0	2	2	0	0	2	4	0
C[C>G]T	0	1	0	10	1	4	4	0	0	2	1	0	2	1	2	1	5	4	1	2	10	8	0
C[C>T]A	2	7	0	19	14	14	19	2	1	9	4	6	7	4	15	3	13	4	1	6	19	18	4
C[C>T]C	1	3	0	21	7	8	7	2	1	4	4	2	14	2	5	1	11	4	1	3	18	18	3
C[C>T]G	3	4	1	13	4	3	12	3	1	7	3	1	11	2	13	3	10	1	0	5	8	6	2
C[C>T]T	0	3	0	34	18	8	10	3	1	6	5	4	2	1	8	4	7	10	1	1	11	9	2
C[T>A]A	1	1	0	10	3	5	6	1	0	3	3	2	1	1	3	0	5	4	0	1	5	3	1
C[T>A]C	0	0	0	13	10	6	2	3	2	1	3	2	5	3	5	1	6	7	1	4	7	6	0
C[T>A]G	0	6	1	32	19	19	21	4	0	7	10	3	9	3	11	5	10	21	3	15	18	20	4
C[T>A]T	0	1	0	12	17	8	8	0	3	0	1	4	0	2	2	0	3	4	1	0	12	9	1
C[T>C]A	0	0	0	3	7	2	5	1	0	2	1	1	2	2	1	0	3	4	0	4	4	1	1
C[T>C]C	0	3	2	6	23	2	3	1	1	0	3	0	0	0	3	0	3	1	0	2	4	3	0
C[T>C]G	1	3	1	12	12	6	5	1	1	2	5	2	2	0	3	2	8	7	0	0	12	8	0
C[T>C]T	1	1	0	7	29	2	1	2	1	2	3	1	0	1	0	0	0	1	0	0	9	4	0
C[T>G]A	0	1	0	3	0	2	0	1	0	0	0	0	0	0	0	0	0	0	0	0	1	0	0
C[T>G]C	1	0	0	0	10	1	2	0	0	0	1	0	0	0	0	1	1	0	0	0	3	0	0
C[T>G]G	0	0	0	12	5	1	0	1	0	2	2	2	1	0	4	0	0	4	1	3	3	4	1
C[T>G]T	1	0	0	2	64	1	1	0	0	0	1	1	0	1	0	0	2	0	0	0	3	1	0
G[C>A]A	0	9	2	44	12	28	21	2	1	10	7	2	12	4	13	1	10	15	1	8	31	21	0
G[C>A]C	1	9	0	49	23	23	32	8	3	10	12	3	8	7	22	4	7	28	1	12	26	23	5
G[C>A]G	0	5	0	30	10	12	20	2	2	5	13	9	14	6	9	2	12	13	2	3	9	16	2
G[C>A]T	0	9	2	39	13	16	11	4	1	9	10	1	1	3	10	2	5	12	0	12	21	22	6
G[C>G]A	0	4	0	6	4	5	3	1	1	1	2	1	3	3	3	0	3	4	1	2	2	1	0
G[C>G]C	0	6	3	7	3	5	5	1	1	5	2	1	1	0	2	0	1	7	0	2	4	7	1
G[C>G]G	0	5	0	7	3	1	3	0	0	3	0	0	5	0	0	1	1	5	0	5	6	3	2
G[C>G]T	0	1	0	10	4	3	5	1	0	1	1	1	0	2	2	0	4	4	0	0	12	5	0
G[C>T]A	0	3	1	14	5	5	7	1	2	6	6	1	4	3	4	2	12	3	1	3	8	3	1
G[C>T]C	0	3	1	13	7	5	6	2	0	4	5	1	3	0	6	1	10	8	0	4	5	5	2
G[C>T]G	0	7	1	20	3	3	6	1	3	4	10	9	7	5	6	2	13	6	0	4	9	5	3
G[C>T]T	2	7	0	10	2	4	7	1	2	3	10	3	2	1	7	2	7	3	0	2	4	7	1
G[T>A]A	0	2	0	10	8	6	4	2	0	2	5	0	2	1	1	1	0	2	0	2	9	3	0
G[T>A]C	0	0	1	2	3	0	4	1	0	3	2	0	1	0	1	0	2	1	2	5	2	6	1
G[T>A]G	0	4	0	14	4	4	9	2	0	1	2	3	0	3	5	4	2	4	0	2	13	5	1
G[T>A]T	0	1	0	4	3	6	3	0	0	2	2	0	1	1	3	0	0	0	0	0	4	5	0
G[T>C]A	3	1	1	8	5	1	3	2	0	0	0	3	1	2	3	0	3	5	0	1	3	8	2
G[T>C]C	1	3	2	1	3	2	2	0	0	0	1	1	2	0	2	1	0	0	0	0	8	1	0
G[T>C]G	1	1	3	6	4	3	7	0	0	1	2	2	0	0	2	1	2	2	0	3	4	3	2
G[T>C]T	0	0	1	4	4	1	2	0	0	3	2	2	0	0	1	1	1	2	0	0	1	3	0
G[T>G]A	0	0	0	1	0	1	0	0	0	0	0	0	1	1	2	0	0	0	0	0	0	2	0
G[T>G]C	0	1	0	1	2	0	0	0	0	1	1	0	0	1	1	0	0	1	0	1	0	0	0
G[T>G]G	0	0	0	4	2	3	0	1	0	1	0	0	0	0	1	1	2	2	0	2	0	0	0
G[T>G]T	0	2	0	0	15	0	0	0	0	1	0	2	1	0	0	0	0	2	0	1	0	1	0
T[C>A]A	1	12	0	29	19	26	31	4	2	8	11	1	6	4	25	1	11	17	3	10	26	31	2
T[C>A]C	2	15	1	60	21	43	41	6	1	11	12	10	16	13	32	1	15	21	3	12	44	37	10
T[C>A]G	0	5	0	16	2	9	5	3	1	5	3	1	1	0	3	1	7	4	1	6	12	4	3
T[C>A]T	0	9	2	48	13	30	26	4	1	14	16	6	9	4	22	2	15	16	2	11	21	18	4
T[C>G]A	0	2	1	16	4	7	16	0	1	3	6	1	3	4	7	0	30	2	0	0	3	10	1
T[C>G]C	0	2	0	10	4	3	14	2	1	3	6	2	1	3	4	0	9	4	0	4	10	9	3
T[C>G]G	0	1	0	0	0	0	5	0	0	3	2	1	0	0	2	0	0	0	0	4	2	4	0
T[C>G]T	0	8	2	18	4	10	15	2	2	3	10	2	5	0	7	1	25	2	0	4	25	5	0
T[C>T]A	0	9	1	35	76	8	21	4	1	3	10	7	4	8	19	2	41	2	1	8	17	12	3
T[C>T]C	1	5	2	22	32	7	19	3	2	3	11	3	9	3	5	1	15	3	0	6	16	10	2
T[C>T]G	1	4	1	12	8	3	8	5	2	7	5	2	2	4	5	3	10	3	1	2	11	2	3
T[C>T]T	0	5	0	26	56	10	19	3	0	2	13	5	3	4	10	2	25	8	0	7	19	3	0
T[T>A]A	0	0	0	1	3	1	2	0	0	1	1	1	1	1	2	0	1	1	1	1	7	1	2
T[T>A]C	0	1	0	2	6	3	6	1	0	1	4	1	1	1	1	0	3	1	0	2	1	3	2
T[T>A]G	0	2	1	8	6	5	2	0	0	4	4	1	3	0	3	1	1	0	1	0	11	5	3
T[T>A]T	0	1	0	2	6	2	2	1	1	1	0	1	2	0	3	0	0	1	1	3	1	3	0
T[T>C]A	0	0	1	5	5	1	4	1	0	1	1	0	1	1	2	0	0	2	0	2	4	1	1
T[T>C]C	0	0	2	4	7	1	2	1	0	0	3	2	0	0	3	0	0	0	0	0	3	0	0
T[T>C]G	0	4	0	5	7	2	0	0	1	1	1	0	2	0	0	0	3	4	1	0	2	0	0
T[T>C]T	0	1	0	1	4	0	3	0	0	2	0	1	0	1	1	0	0	0	0	0	7	1	1
T[T>G]A	0	0	0	1	3	0	0	0	0	0	2	0	0	0	0	0	1	0	0	0	0	0	0
T[T>G]C	0	0	0	3	6	0	1	0	0	0	0	0	0	1	0	0	0	0	1	0	0	2	0
T[T>G]G	0	0	1	1	5	1	2	1	0	0	1	1	1	0	0	0	0	1	0	0	1	0	0
T[T>G]T	0	2	0	1	43	0	0	0	0	0	0	1	1	1	0	0	1	0	0	0	0	0	1
