MutationType	ID83A	ID83B	ID83C	ID83D	ID83E	ID83F
1:Del:C:0	5.974583387171606e-06	6.538544747627384e-06	7.578761155855318e-06	5.511860199476359e-06	1.2564128639951378e-05	9.96223211927827e-06
1:Del:C:1	0.25025511983038085	0.2234574177977629	0.43708683401346204	0.11071196350713393	0.015912807605390215	0.07487319084020327
1:Del:C:2	0.3466316452622414	0.028375900110541207	0.009268822950971582	0.09573667188505657	0.011632824266377356	0.06906930192445969
1:Del:C:3	0.02198118871625922	0.13063921420997077	0.07363136472328734	0.0442264082712407	0.013633826458313365	0.06775851604810441
1:Del:C:4	0.009797063192812061	0.02950609888962731	0.04555076527431232	0.029075890458623802	0.008618528959165418	0.026422998406411508
1:Del:C:5	0.001978997531896525	0.010909624445525274	0.01332176380635758	0.010871081392921554	0.05149190717222609	0.03176152786076585
1:Del:T:0	5.974583387171606e-06	6.538544747627384e-06	7.578761155855318e-06	5.511860199476359e-06	1.2564128639951378e-05	9.96223211927827e-06
1:Del:T:1	0.07897593909066244	0.028344419398072383	0.028920374273796484	0.12092133690438686	0.013028852003024479	0.08752582659838709
1:Del:T:2	0.01102750848848217	0.024266997070320713	0.005025633656256687	0.004345515045885725	0.04397328549263193	0.024690092650152852
1:Del:T:3	0.000550093525931743	0.008941199435158573	0.005509065072238854	0.0010007055444577872	0.0022783926946141264	0.0030151628139236664
1:Del:T:4	5.974583387171606e-06	6.538544747627384e-06	7.578761155855318e-06	5.511860199476359e-06	1.2564128639951378e-05	9.96223211927827e-06
1:Del:T:5	0.003162686699087658	0.010103510379948659	0.0023966726637723924	0.0036536112946125065	0.010853288618911848	0.01240135743118401
1:Ins:C:0	0.006077677745167875	0.009911708429339115	0.00480972022691958	0.004060188372787082	0.002076550146834961	0.007660335832860312
1:Ins:C:1	0.00561951831922805	0.006735126522537094	0.0032039188577912725	0.023896834231612728	0.004734014272776222	0.010202975644466221
1:Ins:C:2	0.000441112696311734	0.0028546461349075415	0.0013833379164433174	0.0017664068310381253	0.013505530793331673	0.01170736722294805
1:Ins:C:3	0.0008064337830460743	0.002283384768841188	0.010196752930182526	0.0011579041259437873	0.025614718355143395	0.009660006063351432
1:Ins:C:4	0.005366448999181728	0.012589083869350474	0.01456135719527353	0.004177177435938689	0.0061839130879843655	0.012675312659290791
1:Ins:C:5	0.012745984480480673	0.000250688622276698	0.0012358009035565941	0.0006077467331650155	0.0008011547892300541	0.00011519513752091371
1:Ins:T:0	0.010106968771314655	0.04314074286248285	0.04360379111803553	0.030129803930632307	0.014413301970884333	0.016586570398978213
1:Ins:T:1	0.023525476004093607	0.03003123399587537	0.029259490854923884	0.03749451767917357	0.015226951935444504	0.14016477979550018
1:Ins:T:2	0.05067736065033412	0.050899110164071996	0.013241999422386996	0.009433083162904836	0.037679490490520495	0.02241953730504136
1:Ins:T:3	0.004828982564061164	0.009741806464243155	0.0029504069862650796	0.001697621027925038	0.002162796559351818	0.006130238522141269
1:Ins:T:4	0.005210980741224205	0.01047604869653469	0.0026175420334288903	0.0013879223485798774	0.0016623861760723458	0.007991575491415688
1:Ins:T:5	0.024637857053905067	0.03726210433116478	0.022095249429494004	0.006584683763640271	0.01245931505041355	0.013054336838509642
2:Del:R:0	0.0077725171762349195	0.0032187025905848544	0.00228783531249956	0.1061019356723989	0.009286240904893361	0.004112292289837405
2:Del:R:1	0.000847574187157889	0.0005614673321902331	0.0005431926305050183	0.025728903936683308	0.0003908466489758666	0.0008217368374351253
2:Del:R:2	5.974583387171606e-06	6.538544747627384e-06	7.578761155855318e-06	5.511860199476359e-06	1.2564128639951378e-05	9.96223211927827e-06
2:Del:R:3	5.974583387171606e-06	6.538544747627384e-06	7.578761155855318e-06	5.511860199476359e-06	1.2564128639951378e-05	9.96223211927827e-06
2:Del:R:4	5.974583387171606e-06	6.538544747627384e-06	7.578761155855318e-06	5.511860199476359e-06	1.2564128639951378e-05	9.96223211927827e-06
2:Del:R:5	5.974583387171606e-06	6.538544747627384e-06	7.578761155855318e-06	5.511860199476359e-06	1.2564128639951378e-05	9.96223211927827e-06
3:Del:R:0	0.002644547782851703	0.000746373488044938	0.001519110142644564	0.03791371636117219	0.0022081647077148857	0.0012313743530620513
3:Del:R:1	0.0021785286729129895	0.0011079946373618555	0.0013999991927931888	0.002456216318546609	0.01256777791040804	0.00667781614084106
3:Del:R:2	5.974583387171606e-06	6.538544747627384e-06	7.578761155855318e-06	5.511860199476359e-06	1.2564128639951378e-05	9.96223211927827e-06
3:Del:R:3	5.974583387171606e-06	6.538544747627384e-06	7.578761155855318e-06	5.511860199476359e-06	1.2564128639951378e-05	9.96223211927827e-06
3:Del:R:4	5.974583387171606e-06	6.538544747627384e-06	7.578761155855318e-06	5.511860199476359e-06	1.2564128639951378e-05	9.96223211927827e-06
3:Del:R:5	5.974583387171606e-06	6.538544747627384e-06	7.578761155855318e-06	5.511860199476359e-06	1.2564128639951378e-05	9.96223211927827e-06
4:Del:R:0	0.006568860474365295	0.010503648502924534	0.003932829220424026	0.032937756321851454	0.0056938389225656034	0.01730090223583133
4:Del:R:1	5.974583387171606e-06	6.538544747627384e-06	7.578761155855318e-06	5.511860199476359e-06	1.2564128639951378e-05	9.96223211927827e-06
4:Del:R:2	5.974583387171606e-06	6.538544747627384e-06	7.578761155855318e-06	5.511860199476359e-06	1.2564128639951378e-05	9.96223211927827e-06
4:Del:R:3	5.974583387171606e-06	6.538544747627384e-06	7.578761155855318e-06	5.511860199476359e-06	1.2564128639951378e-05	9.96223211927827e-06
4:Del:R:4	5.974583387171606e-06	6.538544747627384e-06	7.578761155855318e-06	5.511860199476359e-06	1.2564128639951378e-05	9.96223211927827e-06
4:Del:R:5	5.974583387171606e-06	6.538544747627384e-06	7.578761155855318e-06	5.511860199476359e-06	1.2564128639951378e-05	9.96223211927827e-06
5:Del:R:0	0.01750031601902293	0.04326432985431154	0.05685135434108048	0.039588175506187054	0.38414141710847616	0.10388867889422727
5:Del:R:1	0.0013902310425484643	0.0003761842905220192	0.0005705951790983477	0.018183125573767427	0.0013046463391657426	0.0005467481326650159
5:Del:R:2	5.974583387171606e-06	6.538544747627384e-06	7.578761155855318e-06	5.511860199476359e-06	1.2564128639951378e-05	9.96223211927827e-06
5:Del:R:3	5.974583387171606e-06	6.538544747627384e-06	7.578761155855318e-06	5.511860199476359e-06	1.2564128639951378e-05	9.96223211927827e-06
5:Del:R:4	5.974583387171606e-06	6.538544747627384e-06	7.578761155855318e-06	5.511860199476359e-06	1.2564128639951378e-05	9.96223211927827e-06
5:Del:R:5	5.974583387171606e-06	6.538544747627384e-06	7.578761155855318e-06	5.511860199476359e-06	1.2564128639951378e-05	9.96223211927827e-06
2:Ins:R:0	0.0034742414866110495	0.005451750980639218	0.011578315525735548	0.0025368112026266944	0.01247363359987503	0.006074782342503511
2:Ins:R:1	5.974583387171606e-06	6.538544747627384e-06	7.578761155855318e-06	5.511860199476359e-06	1.2564128639951378e-05	9.96223211927827e-06
2:Ins:R:2	5.974583387171606e-06	6.538544747627384e-06	7.578761155855318e-06	5.511860199476359e-06	1.2564128639951378e-05	9.96223211927827e-06
2:Ins:R:3	5.974583387171606e-06	6.538544747627384e-06	7.578761155855318e-06	5.511860199476359e-06	1.2564128639951378e-05	9.96223211927827e-06
2:Ins:R:4	5.974583387171606e-06	6.538544747627384e-06	7.578761155855318e-06	5.511860199476359e-06	1.2564128639951378e-05	9.96223211927827e-06
2:Ins:R:5	5.974583387171606e-06	6.538544747627384e-06	7.578761155855318e-06	5.511860199476359e-06	1.2564128639951378e-05	9.96223211927827e-06
3:Ins:R:0	0.003643513822086675	0.025825247091510163	0.005325123641797234	0.012499687294642823	0.001709271393318943	0.010035665065305465
3:Ins:R:1	0.003515204212477272	0.006860801078101417	0.010594229339228036	0.003722114266911234	0.021151032217710794	0.00594414057937584
3:Ins:R:2	5.974583387171606e-06	6.538544747627384e-06	7.578761155855318e-06	5.511860199476359e-06	1.2564128639951378e-05	9.96223211927827e-06
3:Ins:R:3	5.974583387171606e-06	6.538544747627384e-06	7.578761155855318e-06	5.511860199476359e-06	1.2564128639951378e-05	9.96223211927827e-06
3:Ins:R:4	5.974583387171606e-06	6.538544747627384e-06	7.578761155855318e-06	5.511860199476359e-06	1.2564128639951378e-05	9.96223211927827e-06
3:Ins:R:5	5.974583387171606e-06	6.538544747627384e-06	7.578761155855318e-06	5.511860199476359e-06	1.2564128639951378e-05	9.96223211927827e-06
4:Ins:R:0	0.002912697485626552	0.0035387982065547873	0.007422168008432237	0.003196804170804626	0.0031413343929023087	0.001731038246734613
4:Ins:R:1	0.0009592110270918397	0.0005616135002851763	0.0003910589310407886	0.02215898918554217	0.0014425203407989783	0.00041184867954598305
4:Ins:R:2	5.974583387171606e-06	6.538544747627384e-06	7.578761155855318e-06	5.511860199476359e-06	1.2564128639951378e-05	9.96223211927827e-06
4:Ins:R:3	5.974583387171606e-06	6.538544747627384e-06	7.578761155855318e-06	5.511860199476359e-06	1.2564128639951378e-05	9.96223211927827e-06
4:Ins:R:4	5.974583387171606e-06	6.538544747627384e-06	7.578761155855318e-06	5.511860199476359e-06	1.2564128639951378e-05	9.96223211927827e-06
4:Ins:R:5	5.974583387171606e-06	6.538544747627384e-06	7.578761155855318e-06	5.511860199476359e-06	1.2564128639951378e-05	9.96223211927827e-06
5:Ins:R:0	0.04327577794137255	0.02243071727765624	0.011372386997855699	0.016226272010637217	0.046117457267689906	0.03846573034058551
5:Ins:R:1	0.0024098894941161574	0.01039038217039078	0.028187702666451743	0.006822597169323148	0.011520093699934932	0.03474855172059392
5:Ins:R:2	5.974583387171606e-06	6.538544747627384e-06	7.578761155855318e-06	5.511860199476359e-06	1.2564128639951378e-05	9.96223211927827e-06
5:Ins:R:3	5.974583387171606e-06	6.538544747627384e-06	7.578761155855318e-06	5.511860199476359e-06	1.2564128639951378e-05	9.96223211927827e-06
5:Ins:R:4	5.974583387171606e-06	6.538544747627384e-06	7.578761155855318e-06	5.511860199476359e-06	1.2564128639951378e-05	9.96223211927827e-06
5:Ins:R:5	5.974583387171606e-06	6.538544747627384e-06	7.578761155855318e-06	5.511860199476359e-06	1.2564128639951378e-05	9.96223211927827e-06
2:Del:M:1	0.007811723129875281	0.09551734824751805	0.03776585086146781	0.07760186551750675	0.012431740409168484	0.026285990781388477
3:Del:M:1	0.0007498965374114164	0.001578635972490474	0.0025573300045059	0.0008291054462969782	0.01594257355084892	0.006201924197868607
3:Del:M:2	0.0006277633900279512	0.008705206288575162	0.00435963558220152	0.0013430849668134215	0.0033166399962669857	0.00197369207871688
4:Del:M:1	5.974583387171606e-06	6.538544747627384e-06	7.578761155855318e-06	5.511860199476359e-06	1.2564128639951378e-05	9.96223211927827e-06
4:Del:M:2	5.974583387171606e-06	6.538544747627384e-06	7.578761155855318e-06	5.511860199476359e-06	1.2564128639951378e-05	9.96223211927827e-06
4:Del:M:3	0.0009468130456431823	0.004924074429509915	0.007794837061057933	0.002247815684108048	0.0011350011382432966	0.005470353586680403
5:Del:M:1	0.006622765385381744	0.01700581352051273	0.024886071581291063	0.014482530379485903	0.08782984029007132	0.04502181247827309
5:Del:M:2	0.0038463183226028264	0.01299403017250711	0.005290024472616466	0.023426694867455352	0.007638400779296077	0.0047870837619441884
5:Del:M:3	0.0025921186495884286	0.008573013291352965	0.003821592926151993	0.006058441242853805	0.0493096437646318	0.01926956554570495
5:Del:M:4	0.0030654536540538403	0.004882251289307078	0.0013749331308758883	0.0007797956264690242	0.0008014809488122409	0.002713591728935398
5:Del:M:5	5.974583427104108e-06	6.538544671457202e-06	7.578761196782579e-06	5.511860203029073e-06	1.2564128649046325e-05	9.962231931126553e-06
