NMF_Replicate	L1	L1 %	L2	L2 %	KL Divergence	Correlation	Convergence Iterations
1	8.143	113.095	3.21	71.174	1.208	0.597	20000.0
2	8.878	118.569	2.744	72.703	1.255	0.59	20000.0
3	6.579	91.891	2.715	62.926	0.713	0.754	20000.0
4	8.097	112.713	2.794	70.547	1.198	0.616	20000.0
5	8.349	104.807	3.135	71.142	0.927	0.658	20000.0
6	5.821	86.227	2.085	58.391	0.823	0.739	20000.0
7	7.982	107.967	3.32	68.955	0.938	0.652	20000.0
8	9.131	116.617	2.963	76.546	1.105	0.575	20000.0
9	8.143	109.394	3.121	73.53	1.003	0.634	20000.0
10	6.717	94.751	2.208	63.981	0.888	0.704	20000.0
11	7.866	99.466	2.622	64.363	0.743	0.788	40000.0
12	8.786	117.838	3.121	71.17	1.254	0.597	30000.0
13	7.798	100.909	3.019	71.355	0.928	0.658	30000.0
14	8.556	114.351	2.785	74.071	1.116	0.588	20000.0
15	9.752	121.214	3.372	77.392	1.123	0.567	20000.0
16	8.143	113.095	3.014	71.283	1.219	0.599	20000.0
17	8.717	109.72	3.263	73.235	0.892	0.671	30000.0
18	8.28	104.424	2.927	71.636	0.947	0.659	20000.0
19	6.947	98.405	2.331	63.26	0.923	0.686	20000.0
20	8.005	104.433	2.788	69.047	0.827	0.714	20000.0
21	7.545	98.948	2.73	66.964	0.897	0.688	30000.0
22	7.407	103.739	2.603	69.29	0.934	0.67	40000.0
23	7.154	100.0	2.385	69.379	0.948	0.653	20000.0
24	8.971	119.281	3.67	78.25	1.282	0.538	20000.0
25	7.085	103.364	2.73	63.936	1.012	0.669	30000.0
26	8.212	107.964	3.365	72.477	0.954	0.649	20000.0
27	6.763	89.225	2.633	63.709	0.827	0.736	20000.0
28	6.42	96.478	2.229	59.952	0.973	0.681	20000.0
29	8.878	114.848	3.322	78.173	1.065	0.596	20000.0
30	7.753	110.244	2.783	70.831	1.225	0.599	20000.0
31	9.705	116.979	3.291	76.165	1.062	0.605	20000.0
32	7.269	98.941	3.071	69.941	0.806	0.696	20000.0
33	9.338	114.317	3.303	74.551	0.937	0.663	20000.0
34	8.488	111.86	3.017	75.3	1.052	0.586	20000.0
35	7.706	104.061	2.554	67.859	0.981	0.657	20000.0
36	8.854	108.7	3.24	70.986	0.856	0.711	20000.0
37	8.947	119.104	2.911	76.847	1.28	0.537	20000.0
38	7.844	104.958	2.684	72.481	0.962	0.633	30000.0
39	7.706	103.897	2.446	65.606	0.956	0.674	20000.0
40	9.844	123.868	3.311	79.265	1.21	0.533	20000.0
41	8.924	118.934	2.902	72.331	1.279	0.59	20000.0
42	8.349	104.971	2.859	70.634	0.926	0.668	20000.0
43	7.361	103.373	2.506	67.234	0.974	0.655	20000.0
44	7.66	109.583	2.857	67.618	1.197	0.629	20000.0
45	8.833	118.221	3.195	75.14	1.225	0.567	20000.0
46	7.613	99.463	2.558	67.465	0.892	0.695	20000.0
47	8.097	112.713	2.667	70.613	1.207	0.602	20000.0
48	8.28	106.365	2.876	71.627	0.969	0.646	20000.0
49	7.706	103.897	2.577	67.989	0.971	0.656	20000.0
50	8.694	109.558	3.365	72.787	0.891	0.671	20000.0
51	6.372	94.176	2.288	62.178	0.898	0.687	20000.0
52	9.614	114.325	3.308	74.575	1.015	0.631	20000.0
53	7.222	98.446	2.369	65.123	0.888	0.694	20000.0
54	8.004	100.529	2.989	67.74	0.759	0.752	20000.0
55	9.591	123.861	3.654	80.885	1.307	0.521	20000.0
56	8.832	118.204	3.053	74.758	1.255	0.572	20000.0
57	10.166	128.089	3.525	78.502	1.329	0.535	20000.0
58	8.051	108.498	2.703	69.185	0.96	0.667	20000.0
59	7.522	102.875	3.059	68.398	0.892	0.686	20000.0
60	6.556	93.485	2.59	63.743	0.738	0.742	20000.0
61	7.406	92.043	2.348	59.726	0.822	0.776	20000.0
62	7.637	103.531	2.448	66.571	0.967	0.667	20000.0
63	5.385	81.11	2.631	58.19	0.616	0.788	20000.0
64	9.821	123.504	3.515	80.496	1.189	0.539	20000.0
65	9.43	118.914	3.915	76.301	1.059	0.593	20000.0
66	9.36	112.538	3.265	73.514	0.906	0.694	20000.0
67	6.947	98.405	2.57	65.96	0.9	0.668	30000.0
68	7.177	94.343	2.902	64.758	0.696	0.769	20000.0
69	7.614	109.181	2.89	71.468	1.175	0.614	40000.0
70	8.28	108.322	3.171	70.415	0.904	0.667	20000.0
71	8.809	114.318	3.493	76.569	1.043	0.603	20000.0
72	8.923	109.18	3.226	73.978	0.994	0.639	20000.0
73	8.303	104.605	3.034	72.106	0.96	0.655	30000.0
74	7.132	105.65	2.519	63.187	1.191	0.644	20000.0
75	8.556	104.593	3.2	69.572	0.765	0.734	20000.0
76	8.212	113.628	3.244	73.265	1.167	0.582	20000.0
77	6.901	94.19	2.422	63.049	0.836	0.712	20000.0
78	7.912	101.773	2.851	66.647	0.783	0.74	20000.0
79	8.097	112.729	3.338	74.278	1.231	0.577	20000.0
80	8.947	119.101	3.25	75.464	1.269	0.562	20000.0
81	7.017	101.07	2.874	67.626	0.963	0.664	20000.0
82	9.039	110.096	3.148	73.331	0.982	0.642	20000.0
83	9.016	113.781	3.251	75.915	1.021	0.615	20000.0
84	8.74	113.787	3.319	74.808	1.024	0.615	30000.0
85	7.637	101.606	2.569	68.352	0.943	0.672	20000.0
86	10.487	128.628	3.267	80.559	1.265	0.517	20000.0
87	7.775	108.497	2.913	71.998	1.051	0.598	20000.0
88	7.751	98.443	3.184	73.261	0.87	0.683	20000.0
89	7.752	104.476	3.36	73.837	0.871	0.665	30000.0
90	7.59	97.374	2.568	65.06	0.874	0.72	30000.0
91	6.395	94.379	2.431	65.745	0.886	0.672	30000.0
92	8.143	107.418	3.119	72.409	0.932	0.663	20000.0
93	8.28	104.441	2.699	69.661	0.906	0.678	30000.0
94	7.752	106.368	2.836	71.783	1.043	0.613	30000.0
95	10.349	121.739	3.69	78.84	1.108	0.585	20000.0
96	9.476	122.966	3.219	77.207	1.292	0.541	20000.0
97	9.545	123.494	3.4	78.028	1.295	0.542	20000.0
98	6.511	91.355	2.335	60.024	0.844	0.722	20000.0
99	8.969	113.445	3.249	72.987	0.94	0.653	20000.0
100	9.499	119.442	3.875	79.548	1.1	0.579	20000.0
