MutationType	ID83A	ID83B	ID83C	ID83D	ID83E
1:Del:C:0	1.92E-07	3.63E-07	2.36E-07	2.78E-07	4.23E-07
1:Del:C:1	1.14E-02	1.09E-02	1.02E-02	8.72E-03	7.45E-03
1:Del:C:2	1.05E-02	5.69E-03	5.42E-03	7.29E-03	4.28E-03
1:Del:C:3	4.43E-03	1.03E-02	6.49E-03	5.15E-03	4.14E-03
1:Del:C:4	2.18E-03	4.82E-03	4.73E-03	2.92E-03	2.95E-03
1:Del:C:5	2.07E-03	2.66E-03	2.58E-03	2.72E-03	6.39E-03
1:Del:T:0	1.92E-07	3.63E-07	2.36E-07	2.78E-07	4.23E-07
1:Del:T:1	6.87E-03	5.05E-03	3.34E-03	9.37E-03	4.38E-03
1:Del:T:2	2.22E-03	4.24E-03	1.78E-03	1.36E-03	4.74E-03
1:Del:T:3	6.39E-04	1.56E-03	8.99E-04	8.61E-04	1.19E-03
1:Del:T:4	1.92E-07	3.63E-07	2.36E-07	2.78E-07	4.23E-07
1:Del:T:5	9.90E-04	1.99E-03	9.67E-04	1.04E-03	2.51E-03
1:Ins:C:0	1.08E-03	1.84E-03	1.18E-03	1.40E-03	2.07E-03
1:Ins:C:1	1.80E-03	1.30E-03	9.09E-04	2.43E-03	8.09E-04
1:Ins:C:2	8.08E-04	8.17E-04	7.62E-04	1.61E-03	2.13E-03
1:Ins:C:3	5.25E-04	1.56E-03	2.26E-03	1.49E-03	2.94E-03
1:Ins:C:4	9.20E-04	2.35E-03	2.26E-03	1.76E-03	1.65E-03
1:Ins:C:5	1.22E-03	2.57E-04	5.39E-04	2.84E-04	4.52E-07
1:Ins:T:0	1.52E-03	4.57E-03	5.00E-03	3.34E-03	3.27E-03
1:Ins:T:1	6.12E-03	8.70E-03	4.30E-03	8.50E-03	4.92E-03
1:Ins:T:2	4.32E-03	5.88E-03	3.14E-03	2.42E-03	4.33E-03
1:Ins:T:3	1.40E-03	1.93E-03	8.86E-04	8.21E-04	1.51E-03
1:Ins:T:4	1.42E-03	2.00E-03	6.28E-04	6.64E-04	1.26E-03
1:Ins:T:5	2.19E-03	5.07E-03	3.56E-03	1.69E-03	3.72E-03
2:Del:R:0	2.62E-03	1.94E-03	1.61E-03	6.88E-03	3.79E-03
2:Del:R:1	7.17E-04	7.15E-04	3.31E-04	2.46E-03	9.73E-04
2:Del:R:2	1.92E-07	3.63E-07	2.36E-07	2.78E-07	4.23E-07
2:Del:R:3	1.92E-07	3.63E-07	2.36E-07	2.78E-07	4.23E-07
2:Del:R:4	1.92E-07	3.63E-07	2.36E-07	2.78E-07	4.23E-07
2:Del:R:5	1.92E-07	3.63E-07	2.36E-07	2.78E-07	4.23E-07
3:Del:R:0	1.33E-03	9.60E-04	6.75E-04	3.29E-03	7.51E-04
3:Del:R:1	6.57E-04	9.76E-04	7.07E-04	8.18E-04	1.74E-03
3:Del:R:2	1.92E-07	3.63E-07	2.36E-07	2.78E-07	4.23E-07
3:Del:R:3	1.92E-07	3.63E-07	2.36E-07	2.78E-07	4.23E-07
3:Del:R:4	1.92E-07	3.63E-07	2.36E-07	2.78E-07	4.23E-07
3:Del:R:5	1.92E-07	3.63E-07	2.36E-07	2.78E-07	4.23E-07
4:Del:R:0	1.88E-03	2.21E-03	1.35E-03	3.38E-03	2.10E-03
4:Del:R:1	1.92E-07	3.63E-07	2.36E-07	2.78E-07	4.23E-07
4:Del:R:2	1.92E-07	3.63E-07	2.36E-07	2.78E-07	4.23E-07
4:Del:R:3	1.92E-07	3.63E-07	2.36E-07	2.78E-07	4.23E-07
4:Del:R:4	1.92E-07	3.63E-07	2.36E-07	2.78E-07	4.23E-07
4:Del:R:5	1.92E-07	3.63E-07	2.36E-07	2.78E-07	4.23E-07
5:Del:R:0	5.29E-03	6.86E-03	6.05E-03	6.11E-03	1.67E-02
5:Del:R:1	6.00E-04	5.27E-04	2.52E-04	1.85E-03	3.64E-04
5:Del:R:2	1.92E-07	3.63E-07	2.36E-07	2.78E-07	4.23E-07
5:Del:R:3	1.92E-07	3.63E-07	2.36E-07	2.78E-07	4.23E-07
5:Del:R:4	1.92E-07	3.63E-07	2.36E-07	2.78E-07	4.23E-07
5:Del:R:5	1.92E-07	3.63E-07	2.36E-07	2.78E-07	4.23E-07
2:Ins:R:0	7.98E-04	1.48E-03	1.57E-03	1.57E-03	2.52E-03
2:Ins:R:1	1.92E-07	3.63E-07	2.36E-07	2.78E-07	4.23E-07
2:Ins:R:2	1.92E-07	3.63E-07	2.36E-07	2.78E-07	4.23E-07
2:Ins:R:3	1.92E-07	3.63E-07	2.36E-07	2.78E-07	4.23E-07
2:Ins:R:4	1.92E-07	3.63E-07	2.36E-07	2.78E-07	4.23E-07
2:Ins:R:5	1.92E-07	3.63E-07	2.36E-07	2.78E-07	4.23E-07
3:Ins:R:0	1.24E-03	2.03E-03	1.72E-03	2.68E-03	2.00E-03
3:Ins:R:1	4.69E-04	2.00E-03	2.33E-03	2.15E-03	3.67E-03
3:Ins:R:2	1.92E-07	3.63E-07	2.36E-07	2.78E-07	4.23E-07
3:Ins:R:3	1.92E-07	3.63E-07	2.36E-07	2.78E-07	4.23E-07
3:Ins:R:4	1.92E-07	3.63E-07	2.36E-07	2.78E-07	4.23E-07
3:Ins:R:5	1.92E-07	3.63E-07	2.36E-07	2.78E-07	4.23E-07
4:Ins:R:0	3.96E-04	1.80E-03	1.23E-03	9.15E-04	1.47E-03
4:Ins:R:1	7.49E-04	6.44E-04	3.94E-04	2.32E-03	5.01E-04
4:Ins:R:2	1.92E-07	3.63E-07	2.36E-07	2.78E-07	4.23E-07
4:Ins:R:3	1.92E-07	3.63E-07	2.36E-07	2.78E-07	4.23E-07
4:Ins:R:4	1.92E-07	3.63E-07	2.36E-07	2.78E-07	4.23E-07
4:Ins:R:5	1.92E-07	3.63E-07	2.36E-07	2.78E-07	4.23E-07
5:Ins:R:0	4.90E-03	5.16E-03	3.36E-03	2.78E-03	6.85E-03
5:Ins:R:1	1.40E-03	4.55E-03	2.94E-03	1.89E-03	4.30E-03
5:Ins:R:2	1.92E-07	3.63E-07	2.36E-07	2.78E-07	4.23E-07
5:Ins:R:3	1.92E-07	3.63E-07	2.36E-07	2.78E-07	4.23E-07
5:Ins:R:4	1.92E-07	3.63E-07	2.36E-07	2.78E-07	4.23E-07
5:Ins:R:5	1.92E-07	3.63E-07	2.36E-07	2.78E-07	4.23E-07
2:Del:M:1	2.91E-03	6.10E-03	6.69E-03	8.07E-03	5.82E-03
3:Del:M:1	4.21E-04	8.65E-04	9.48E-04	1.31E-03	1.96E-03
3:Del:M:2	5.39E-04	1.05E-03	9.56E-04	1.14E-03	8.52E-04
4:Del:M:1	1.92E-07	3.63E-07	2.36E-07	2.78E-07	4.23E-07
4:Del:M:2	1.92E-07	3.63E-07	2.36E-07	2.78E-07	4.23E-07
4:Del:M:3	2.50E-07	1.87E-03	1.27E-03	7.62E-04	9.03E-04
5:Del:M:1	1.90E-03	6.93E-03	3.39E-03	4.60E-03	6.82E-03
5:Del:M:2	7.69E-04	1.89E-03	1.17E-03	2.20E-03	1.64E-03
5:Del:M:3	1.16E-03	2.39E-03	1.92E-03	2.30E-03	5.06E-03
5:Del:M:4	7.62E-04	1.15E-03	6.56E-04	3.84E-04	7.14E-04
5:Del:M:5	1.92E-07	3.63E-07	2.36E-07	2.78E-07	4.23E-07
