NMF_Replicate	L1	L1 %	L2	L2 %	KL Divergence	Correlation	Convergence Iterations
1	2.63	37.822	1.298	31.456	0.243	0.929	30000.0
2	2.391	39.713	1.159	31.828	0.277	0.911	40000.0
3	2.906	41.207	1.34	32.709	0.282	0.917	30000.0
4	2.646	40.548	1.195	29.995	0.287	0.932	20000.0
5	2.978	46.368	1.398	35.245	0.31	0.913	30000.0
6	3.147	48.202	1.459	38.08	0.34	0.906	30000.0
7	2.747	35.984	1.269	28.565	0.205	0.949	20000.0
8	3.582	60.079	1.676	43.966	0.461	0.838	20000.0
9	3.725	53.838	1.668	39.63	0.394	0.871	20000.0
10	3.425	51.295	1.538	36.369	0.374	0.887	30000.0
11	3.095	42.32	1.392	32.699	0.3	0.922	40000.0
12	2.857	46.816	1.496	38.081	0.342	0.886	20000.0
13	2.905	46.827	1.407	33.299	0.322	0.908	40000.0
14	4.331	61.428	1.977	47.242	0.417	0.871	30000.0
15	3.454	49.7	1.633	39.062	0.396	0.876	40000.0
16	3.393	47.686	1.499	35.847	0.337	0.9	40000.0
17	2.444	37.324	1.23	29.684	0.235	0.945	30000.0
18	2.87	46.406	1.484	36.149	0.352	0.896	20000.0
19	3.694	58.354	1.688	42.206	0.371	0.879	30000.0
20	2.5	41.592	1.179	31.389	0.265	0.935	20000.0
21	3.494	53.348	1.597	39.335	0.382	0.9	30000.0
22	2.965	46.776	1.351	33.938	0.37	0.88	30000.0
23	2.918	42.931	1.298	31.925	0.31	0.93	20000.0
24	2.637	46.327	1.219	32.521	0.377	0.909	30000.0
25	2.552	42.492	1.186	33.536	0.267	0.928	30000.0
26	3.459	50.863	1.556	40.521	0.391	0.876	30000.0
27	3.678	56.776	1.785	43.962	0.368	0.883	40000.0
28	3.225	43.486	1.466	32.793	0.298	0.925	20000.0
29	3.11	52.569	1.477	37.803	0.418	0.874	20000.0
30	3.92	57.587	1.862	43.593	0.365	0.881	40000.0
31	2.665	37.891	1.319	29.068	0.232	0.949	40000.0
32	3.5	47.489	1.634	37.533	0.281	0.924	30000.0
33	3.201	47.769	1.537	36.495	0.314	0.909	20000.0
34	2.934	37.827	1.343	31.758	0.265	0.929	20000.0
35	3.679	62.244	1.667	44.252	0.47	0.84	40000.0
36	3.328	47.744	1.54	37.712	0.303	0.908	20000.0
37	3.144	47.367	1.492	36.685	0.304	0.918	20000.0
38	2.757	46.752	1.375	34.657	0.358	0.899	20000.0
39	4.209	60.164	1.924	44.533	0.428	0.864	20000.0
40	2.593	39.966	1.22	32.037	0.295	0.912	30000.0
41	3.514	57.88	1.694	41.472	0.393	0.872	40000.0
42	2.247	32.963	1.05	23.094	0.2	0.961	30000.0
43	3.175	49.896	1.456	35.211	0.336	0.924	30000.0
44	2.722	41.978	1.269	30.85	0.3	0.922	30000.0
45	3.546	57.553	1.589	42.054	0.429	0.865	20000.0
46	3.505	57.216	1.7	43.719	0.43	0.84	20000.0
47	2.622	40.816	1.241	31.871	0.253	0.948	20000.0
48	3.209	49.089	1.415	36.541	0.371	0.878	30000.0
49	3.907	59.734	1.765	44.813	0.374	0.893	50000.0
50	3.326	50.639	1.465	35.89	0.318	0.918	30000.0
51	3.321	46.462	1.514	35.69	0.31	0.904	20000.0
52	2.536	41.135	1.176	31.377	0.331	0.916	20000.0
53	2.481	36.361	1.091	26.438	0.238	0.949	30000.0
54	2.616	37.732	1.198	29.904	0.236	0.941	20000.0
55	3.289	56.523	1.566	40.526	0.409	0.869	40000.0
56	2.574	37.938	1.148	29.223	0.233	0.942	20000.0
57	2.737	45.058	1.307	33.603	0.306	0.901	30000.0
58	3.391	51.379	1.658	38.093	0.355	0.903	30000.0
59	4.283	67.55	1.949	49.098	0.478	0.836	20000.0
60	3.365	58.82	1.55	42.087	0.44	0.866	30000.0
61	3.427	47.799	1.644	39.434	0.274	0.911	20000.0
62	2.527	40.312	1.266	33.435	0.299	0.894	250000.0
63	2.747	42.341	1.355	32.448	0.259	0.924	20000.0
64	3.833	62.028	1.727	46.528	0.45	0.849	30000.0
65	2.148	31.771	1.078	23.406	0.195	0.965	20000.0
66	3.589	55.732	1.535	41.394	0.374	0.897	20000.0
67	4.09	61.366	1.892	44.522	0.413	0.866	20000.0
68	3.221	50.565	1.427	35.417	0.397	0.888	30000.0
69	3.617	53.896	1.612	40.833	0.366	0.886	30000.0
70	3.405	52.622	1.543	39.093	0.356	0.89	20000.0
71	3.0	46.995	1.431	35.851	0.35	0.895	20000.0
72	3.945	57.568	1.716	44.098	0.403	0.871	20000.0
73	2.963	46.866	1.488	35.958	0.362	0.877	90000.0
74	3.441	53.306	1.538	37.844	0.354	0.902	30000.0
75	3.284	49.929	1.599	37.167	0.318	0.902	30000.0
76	3.012	45.087	1.401	35.227	0.34	0.899	30000.0
77	2.311	35.422	1.09	27.775	0.263	0.921	40000.0
78	3.138	43.822	1.514	33.048	0.312	0.922	20000.0
79	3.5	47.609	1.63	35.029	0.301	0.935	20000.0
80	3.784	59.679	1.824	45.667	0.4	0.871	20000.0
81	2.844	45.059	1.281	35.267	0.347	0.908	30000.0
82	3.53	54.334	1.667	44.199	0.346	0.883	20000.0
83	3.216	51.84	1.575	38.481	0.443	0.872	100000.0
84	3.498	53.295	1.629	39.801	0.349	0.897	20000.0
85	3.033	48.466	1.457	35.362	0.342	0.895	20000.0
86	2.988	44.526	1.505	36.199	0.249	0.911	20000.0
87	3.629	52.264	1.645	39.884	0.339	0.885	20000.0
88	2.693	41.087	1.246	31.187	0.318	0.923	40000.0
89	2.815	38.696	1.33	29.263	0.242	0.938	30000.0
90	3.794	61.206	1.757	44.838	0.414	0.857	30000.0
91	3.924	63.226	1.672	45.449	0.485	0.841	40000.0
92	3.509	52.974	1.591	37.907	0.396	0.897	20000.0
93	3.277	47.202	1.462	36.257	0.355	0.9	20000.0
94	3.138	49.589	1.438	35.842	0.34	0.906	30000.0
95	3.332	52.243	1.491	40.363	0.343	0.899	20000.0
96	3.707	50.236	1.685	38.069	0.314	0.906	40000.0
97	3.101	53.916	1.386	39.191	0.44	0.863	50000.0
98	2.844	43.274	1.251	30.372	0.306	0.922	40000.0
99	3.235	48.056	1.535	39.526	0.309	0.904	20000.0
100	3.448	52.592	1.639	38.492	0.364	0.905	20000.0
