MutationType	DBS78A	DBS78B	DBS78C
AC>CA	8.518906601238996e-05	8.040096228796756e-05	4.567724718071986e-05
AC>CG	8.518906601238996e-05	8.040096228796756e-05	4.567724718071986e-05
AC>CT	8.518906601238996e-05	8.040096228796756e-05	4.567724718071986e-05
AC>GA	8.518906601238996e-05	8.040096228796756e-05	4.567724718071986e-05
AC>GG	8.518906601238996e-05	8.040096228796756e-05	4.567724718071986e-05
AC>GT	8.518906601238996e-05	8.040096228796756e-05	4.567724718071986e-05
AC>TA	8.518906601238996e-05	8.040096228796756e-05	4.567724718071986e-05
AC>TG	0.037108709724057116	0.2285368896061371	0.036788746814901026
AC>TT	8.518906601238996e-05	8.040096228796756e-05	4.567724718071986e-05
AT>CA	8.518906601238996e-05	8.040096228796756e-05	4.567724718071986e-05
AT>CC	8.518906601238996e-05	8.040096228796756e-05	4.567724718071986e-05
AT>CG	8.518906601238996e-05	8.040096228796756e-05	4.567724718071986e-05
AT>GA	8.518906601238996e-05	8.040096228796756e-05	4.567724718071986e-05
AT>GC	8.518906601238996e-05	8.040096228796756e-05	4.567724718071986e-05
AT>TA	8.518906601238996e-05	8.040096228796756e-05	4.567724718071986e-05
CC>AA	0.04599363884717753	0.006264529735459088	0.5639550364910246
CC>AG	8.518906601238996e-05	8.040096228796756e-05	4.567724718071986e-05
CC>AT	8.518906601238996e-05	8.040096228796756e-05	4.567724718071986e-05
CC>GA	8.518906601238996e-05	8.040096228796756e-05	4.567724718071986e-05
CC>GG	8.518906601238996e-05	8.040096228796756e-05	4.567724718071986e-05
CC>GT	0.013662224504759544	0.20241700248217967	0.2114483962485746
CC>TA	8.518906601238996e-05	8.040096228796756e-05	4.567724718071986e-05
CC>TG	8.518906601238996e-05	8.040096228796756e-05	4.567724718071986e-05
CC>TT	8.518906601238996e-05	8.040096228796756e-05	4.567724718071986e-05
CG>AT	8.518906601238996e-05	8.040096228796756e-05	4.567724718071986e-05
CG>GC	8.518906601238996e-05	8.040096228796756e-05	4.567724718071986e-05
CG>GT	8.518906601238996e-05	8.040096228796756e-05	4.567724718071986e-05
CG>TA	8.518906601238996e-05	8.040096228796756e-05	4.567724718071986e-05
CG>TC	8.518906601238996e-05	8.040096228796756e-05	4.567724718071986e-05
CG>TT	8.518906601238996e-05	8.040096228796756e-05	4.567724718071986e-05
CT>AA	8.518906601238996e-05	8.040096228796756e-05	4.567724718071986e-05
CT>AC	8.518906601238996e-05	8.040096228796756e-05	4.567724718071986e-05
CT>AG	8.518906601238996e-05	8.040096228796756e-05	4.567724718071986e-05
CT>GA	8.518906601238996e-05	8.040096228796756e-05	4.567724718071986e-05
CT>GC	8.518906601238996e-05	8.040096228796756e-05	4.567724718071986e-05
CT>GG	0.03129591845858291	0.15860969303201675	0.047050715611847246
CT>TA	0.04784540042564438	0.1966758982234944	0.05565953032454435
CT>TC	0.04050772535014973	0.20172967311131443	0.04201608769760963
CT>TG	8.518906601238996e-05	8.040096228796756e-05	4.567724718071986e-05
GC>AA	0.777537879598276	5.779247216334051e-05	0.03983842399668656
GC>AG	8.518906601238996e-05	8.040096228796756e-05	4.567724718071986e-05
GC>AT	8.518906601238996e-05	8.040096228796756e-05	4.567724718071986e-05
GC>CA	8.518906601238996e-05	8.040096228796756e-05	4.567724718071986e-05
GC>CG	8.518906601238996e-05	8.040096228796756e-05	4.567724718071986e-05
GC>TA	8.518906601238996e-05	8.040096228796756e-05	4.567724718071986e-05
TA>AT	8.518906601238996e-05	8.040096228796756e-05	4.567724718071986e-05
TA>CG	8.518906601238996e-05	8.040096228796756e-05	4.567724718071986e-05
TA>CT	8.518906601238996e-05	8.040096228796756e-05	4.567724718071986e-05
TA>GC	8.518906601238996e-05	8.040096228796756e-05	4.567724718071986e-05
TA>GG	8.518906601238996e-05	8.040096228796756e-05	4.567724718071986e-05
TA>GT	8.518906601238996e-05	8.040096228796756e-05	4.567724718071986e-05
TC>AA	8.518906601238996e-05	8.040096228796756e-05	4.567724718071986e-05
TC>AG	8.518906601238996e-05	8.040096228796756e-05	4.567724718071986e-05
TC>AT	8.518906601238996e-05	8.040096228796756e-05	4.567724718071986e-05
TC>CA	8.518906601238996e-05	8.040096228796756e-05	4.567724718071986e-05
TC>CG	8.518906601238996e-05	8.040096228796756e-05	4.567724718071986e-05
TC>CT	8.518906601238996e-05	8.040096228796756e-05	4.567724718071986e-05
TC>GA	8.518906601238996e-05	8.040096228796756e-05	4.567724718071986e-05
TC>GG	8.518906601238996e-05	8.040096228796756e-05	4.567724718071986e-05
TC>GT	8.518906601238996e-05	8.040096228796756e-05	4.567724718071986e-05
TG>AA	8.518906601238996e-05	8.040096228796756e-05	4.567724718071986e-05
TG>AC	8.518906601238996e-05	8.040096228796756e-05	4.567724718071986e-05
TG>AT	8.518906601238996e-05	8.040096228796756e-05	4.567724718071986e-05
TG>CA	8.518906601238996e-05	8.040096228796756e-05	4.567724718071986e-05
TG>CC	8.518906601238996e-05	8.040096228796756e-05	4.567724718071986e-05
TG>CT	8.518906601238996e-05	8.040096228796756e-05	4.567724718071986e-05
TG>GA	8.518906601238996e-05	8.040096228796756e-05	4.567724718071986e-05
TG>GC	8.518906601238996e-05	8.040096228796756e-05	4.567724718071986e-05
TG>GT	8.518906601238996e-05	8.040096228796756e-05	4.567724718071986e-05
TT>AA	8.518906601238996e-05	8.040096228796756e-05	4.567724718071986e-05
TT>AC	8.518906601238996e-05	8.040096228796756e-05	4.567724718071986e-05
TT>AG	8.518906601238996e-05	8.040096228796756e-05	4.567724718071986e-05
TT>CA	8.518906601238996e-05	8.040096228796756e-05	4.567724718071986e-05
TT>CC	8.518906601238996e-05	8.040096228796756e-05	4.567724718071986e-05
TT>CG	8.518906601238996e-05	8.040096228796756e-05	4.567724718071986e-05
TT>GA	8.518906601238996e-05	8.040096228796756e-05	4.567724718071986e-05
TT>GC	8.518906601238996e-05	8.040096228796756e-05	4.567724718071986e-05
TT>GG	8.518906601238996e-05	8.040096228796756e-05	4.567724718071986e-05
