MutationType	SBS96A	SBS96B	SBS96C	SBS96D	SBS96E	SBS96F	SBS96G	SBS96H	SBS96I
A[C>A]A	0.03473740658571842	0.024323062242601737	0.03251080575618403	0.0240539951911569	0.0006874382696652858	0.02359246157834752	0.014340004720925208	0.004568920726054557	0.0019729374302841053
A[C>A]C	0.03464201952796429	0.021054312572232482	0.03329465474933386	0.036571897869786485	0.0018823273170755783	0.015766353277138025	0.025322130121057853	0.023884003147250043	0.005740992200810524
A[C>A]G	0.026156551353633404	0.015118813148001209	0.022401172624043682	0.01944026679162726	0.001499529028378106	0.012463578138011258	0.00991306873363385	0.005240934535603756	0.0022597040241998947
A[C>A]T	0.025365842949806847	0.015884541869125995	0.02153983786957383	0.017129919224701952	0.00021096187145129618	0.009172002856696792	0.012392799506859297	0.009856302173180963	0.0006398223221847843
A[C>G]A	0.003205318658199303	0.007492439333329912	0.008040550694258854	0.007759913073077769	0.0025217077921770945	0.011126813639727971	0.018064215189347123	0.008077420119288092	0.00028434834777485207
A[C>G]C	0.0024968130415072664	0.003965661524562165	0.005236990398495891	0.006032956799026578	0.003218063528428814	0.004595625386864413	0.005728271651973955	0.0065638273194053905	0.007809315959361811
A[C>G]G	0.0015668829456927825	0.004363551061264062	0.0023691097535629524	0.005524309674372603	0.0006484192543332412	0.006164310217294257	0.0034599045184614853	0.0029855584262691083	0.0005629399083778708
A[C>G]T	0.0017418002386693843	0.004253791829614784	0.0037863217435869954	0.0018682737502581403	0.003471493886839454	0.008916945268986752	0.013242931251733125	0.00256373886080695	0.0027104606934321394
A[C>T]A	0.008676551914250012	0.012278367380185956	0.012437611690256745	0.008663284913054667	0.0018402755215533879	0.015992959317518398	0.011836050663841888	0.00834662746543963	0.009862309540760634
A[C>T]C	0.006872388951887842	0.005139170551256035	0.006524617339359793	0.008653131042519817	0.0017208950488748088	0.008253382677120271	0.0067697618938542614	0.014514389243354806	0.022542622702350742
A[C>T]G	0.0044610440910574315	0.003718493253968703	0.003360318229742916	0.006197183318174666	0.001756763242317021	0.005199783228160868	0.004755563171137282	0.012948657519300468	0.15879619598388672
A[C>T]T	0.0032803606343073	0.00666187677430571	0.004617078037190367	0.0067599581950162245	0.0011344258083488513	0.012249381488550171	0.008483971691121042	0.015846098239999263	0.00282287326659997
A[T>A]A	0.002547036594561405	0.005050548055638728	0.003674606786963151	0.0055760927086689095	9.394365069557154e-05	0.005498416194504898	0.004324249553348238	0.004102145243965865	0.0026703384669706054
A[T>A]C	0.0013961857926915399	0.002313610915399522	0.0035731808307627945	0.005533711518137352	0.002932583838633569	0.004534322311228607	0.008603286604793538	0.0057245560477986145	0.009209235253105703
A[T>A]G	0.0065123000623862025	0.007326325227419375	0.009218755231268005	0.00956488254340229	0.00030854067217291005	0.011055319042170594	0.008418570891259095	0.008659126641957756	0.004894318672911595
A[T>A]T	0.0010425893356796224	0.0029464694994386065	0.003771561355738413	0.0038251755994485846	0.0011835938312875882	0.0035287743964823905	0.0054847501391626	0.0019646565731827083	0.0003582314340673065
A[T>C]A	0.0034673586373938294	0.006670929900756164	0.007480849514540751	0.007857714137233573	0.00023483697069934806	0.0065279126327004635	0.017516470597693113	0.016986488063121214	0.008117236642019634
A[T>C]C	0.0007308682095457186	0.0018317051814932483	0.0022492636647140785	0.004064623662679878	4.528686754703415e-05	0.0037529139704167848	0.0032226295109427385	0.0078010197274207375	0.007061924617528348
A[T>C]G	0.0036875358802075197	0.009637188476971785	0.007465720686814166	0.008680442576296627	0.0017645527692869223	0.02026954998313613	0.0231590692712507	0.007293400319176726	0.009482313203650393
A[T>C]T	0.000367752626480069	0.001281305169177358	0.0031326417369564297	0.004666079167701582	0.0056007389969443015	0.006497501759805112	0.015200323280878366	0.01390278383419986	0.008029402281498505
A[T>G]A	0.0010850574372953047	0.0010017326937089167	0.0005434124447539013	0.0004611327350512795	7.956384768803559e-09	0.0004503436231001245	0.0004356013498933464	0.0004810121351366092	0.004648146865680758
A[T>G]C	0.0004775549705615845	0.001031962076741877	0.0006805041619830376	0.0005613848490761324	0.000832444385531943	0.0010029830865445888	0.0013528390412304247	0.0011915051232466566	0.00038634766386202557
A[T>G]G	0.00039867532267010117	0.002041476637893922	0.0017333515418188484	0.00323253547657373	0.00023731012487143488	0.0035783231518519186	0.0036776263026251856	0.0024658516493751394	0.003174232488128723
A[T>G]T	0.00014646292554441054	0.000695878046685987	0.0008677932747094985	0.001468759206192942	0.00013086891480426743	0.0012389793715205143	0.001799985346702293	0.00634834610495055	0.0004488137299053818
C[C>A]A	0.07691599816083908	0.07741096618585289	0.05554116723127663	0.04600863719488743	0.00034034100907980757	0.030065273709083563	0.018924042552057475	0.011667054334135401	0.004693650838061387
C[C>A]C	0.10187672976404429	0.0772585531603545	0.06103235924616456	0.022818303940018724	0.0023992595706843643	0.020772688329187723	0.012079772775233661	0.014280160895242488	0.0056127232698018935
C[C>A]G	0.03730639094254002	0.034596600684453735	0.03471607722109184	0.025820324840740056	1.2929483013977005e-05	0.01433823547704378	0.010505810534715465	0.011029747410339042	0.010934487853720611
C[C>A]T	0.06511005114763975	0.05185172218160005	0.04777132657156244	0.02572890222490038	0.0016209455821889452	0.034065015991941436	0.023170203239093325	0.020180899601546117	0.006639992651739704
C[C>G]A	0.007744370453001466	0.002829517566801821	0.007757948923972436	0.010346697970526293	0.006556806472979417	0.006882672671505361	0.008968641463434323	0.016022931912082185	0.0019164276520007206
C[C>G]C	0.008725236378468252	0.006389971889454103	0.006554949000362739	0.011795285617314449	0.000521298085768791	0.0078543910079523	0.0032435905377676023	0.012931256595618947	0.0008527216261603599
C[C>G]G	0.0036161505317633667	0.008162244707345966	0.005515826607131657	0.006194778529681457	0.0004722736844323805	0.0066856849790247	0.00285912741552238	0.004720839594665449	0.005753110420406529
C[C>G]T	0.005208520056912675	0.007568232461053413	0.008014335228717756	0.008557677373464684	0.006797111261263495	0.012216461235482257	0.017493289574049414	0.007517119198380419	0.0012460335597279481
C[C>T]A	0.01810571441121283	0.015334775971714407	0.03039961539907381	0.025400050122407265	0.010791638300288469	0.01766584318393143	0.019461050466634332	0.0447149924421683	0.01369685617450159
C[C>T]C	0.01238178313127719	0.017214233459310436	0.018981101109384325	0.015427844697551336	0.00016680914649725765	0.02439775484232541	0.01763500495060896	0.033343212697654966	0.010966753656354057
C[C>T]G	0.006800611431826837	0.006573962601456862	0.009692373309517291	0.008452172615538309	0.005161013936449308	0.014012830651183776	0.015045840775128454	0.014372980465414003	0.11757632404565811
C[C>T]T	0.01352182349692157	0.017675657360523473	0.02417685814667493	0.015177761301638384	0.014602528063227283	0.021629951581708155	0.036371094519272444	0.020075960161921102	0.0029470155388116835
C[T>A]A	0.006292877920534465	0.006375595323186189	0.005146060143366818	0.005540320443028577	0.0010809477993311133	0.008305032162481893	0.005229216472682054	0.004370087497086957	0.0010107054988998953
C[T>A]C	0.006433544260216877	0.009833176758579611	0.015482743006280657	0.00830473203544443	0.0007227745254433415	0.0059770599788272	0.008793209957615105	0.0064714580987771456	0.0017871818687115138
C[T>A]G	0.024643751711939218	0.04727648617699742	0.012520581413147056	0.016586879385516794	0.0016172043069022468	0.0731561934389174	0.017783780822935285	0.005393063219617815	0.004342245957016413
C[T>A]T	0.007588886395969894	0.009797159670852125	0.0060877310972631445	0.01178805152861969	0.0006570283021135027	0.009820472781838134	0.009300191830470794	0.01248018589682232	6.18442736785596e-05
C[T>C]A	0.001646257335766279	0.0038547668805068726	0.003137183305337885	0.008062668135285094	0.00013845555032890644	0.008412039803032343	0.009017253262063605	0.0064091811706067855	0.0029575296926935835
C[T>C]C	0.0005091393473469452	0.0011654555106980523	0.0018774121107924201	0.004269776030153025	0.0011461038132214796	0.007093848487983081	0.0074832699515918755	0.008398796983660474	0.001982858475389362
C[T>C]G	0.005784981173346751	0.014126860611140728	0.008492985908887932	0.010080095592265935	0.00018572261313579475	0.017917965927584874	0.009048265337678458	0.009619708333200378	0.013649287068650437
C[T>C]T	0.0008440644466645609	0.004393545072116038	0.0038805488549849085	0.005887049264911752	7.335234550751579e-06	0.010138517555449198	0.014755146055464933	0.01613985282919782	0.001780968318027618
C[T>G]A	0.0001538799913441835	0.0006234151096781914	0.0005842523033508229	0.0009127648642971842	0.0007645474010577403	0.0016742959692509984	0.0018353983534184692	0.0011389968286068708	0.00035669919762231216
C[T>G]C	0.00020520027407442854	0.000915269060361652	0.0006901419164506706	0.002006177225847239	0.00024381033072806702	0.002990134098439867	0.0036590810708256073	0.003471806973243474	0.0042112255182775015
C[T>G]G	0.0024309481018281076	0.004032657437576816	0.0042017322365927616	0.006939799418469192	0.0008613135365405356	0.00601929738253375	0.009451431681525265	0.009630988525473186	0.008942669230714273
C[T>G]T	5.3708537367356255e-05	0.0008317841518032765	0.0009084293468032456	0.003409401896070392	0.002617472924437858	0.0023365133636730206	0.0014570161108099456	0.02508206173069766	0.0032041188570651967
G[C>A]A	0.04095566601492465	0.035688359865453094	0.021922023764345794	0.02275326625528579	0.004070268663635943	0.020556413385792352	0.024359025789890437	0.008169614258222399	0.008864966804867752
G[C>A]C	0.0349079369334504	0.031121244679088705	0.04958949431504152	0.038459628046703075	0.0032614045444433514	0.01633108213783393	0.030395678335864887	0.01801709591245526	0.0010739248465881702
G[C>A]G	0.021968075960176067	0.022998378872180182	0.022346869316117412	0.03438758003107068	0.0018125188211664067	0.02054002886252533	0.012246732384600173	0.01780011872891919	0.0046018750676634565
G[C>A]T	0.025760897223372114	0.019991000636364335	0.020088764434627517	0.02650566097232513	0.0028635407906323707	0.012879782623938353	0.013057027489267056	0.016411928385984993	0.009236053651430525
G[C>G]A	0.005728455376313661	0.003889817144008703	0.005895534501506745	0.00555171660585625	0.003264902983146385	0.00576713166985428	0.006567920919042081	0.017252484544242178	0.006377900547416933
G[C>G]C	0.008911139494739474	0.0035455909827101094	0.008464922037576343	0.004721484608946333	0.0007903589183815376	0.00323963656641979	0.011134779838612304	0.0064355631138249695	0.004527902294368289
G[C>G]G	0.0047487763168498984	0.003477475291062433	0.0050118588271107	0.011010696531911605	0.0007356735723487872	0.00805901994313274	0.003899081052792326	0.002039041372060808	0.003131032310173225
G[C>G]T	0.00651250749011524	0.004652849878272036	0.005820625839669446	0.003522676206654012	0.006364254642219862	0.0030823972275914003	0.0061356694378496	0.0024839547795940577	0.0015716391551472953
G[C>T]A	0.0029264273330330396	0.010881903073751573	0.008241865720628993	0.009315194482333027	0.007880826818291099	0.01389285538927652	0.015775087384099606	0.008985445481957868	0.03107655353844166
G[C>T]C	0.007082291274564341	0.009978509620414116	0.013844296622555702	0.00832013232051395	0.004033034355816198	0.012686749058832183	0.012321440218074712	0.011096922883350544	0.047888373900204895
G[C>T]G	0.0010762118001730414	0.006354736413520641	0.0040977065142942595	0.005146599544095807	0.010535035618895563	0.010266505019626494	0.005562978843904602	0.010899033905293598	0.1540285950154066
G[C>T]T	0.004805939905978107	0.009436358291376906	0.007910988229559735	0.006078666356479516	0.002517370825673879	0.011632173783727922	0.016110172956177848	0.00972430689027533	0.03212851865682751
G[T>A]A	0.004422253464581445	0.00476791821374718	0.005690865112364349	0.005219334298379721	0.0008715718336944889	0.0067705599725849195	0.009646694430128094	0.010404226525101876	0.0009194270159574103
G[T>A]C	0.0023521650072319744	0.005324011330205564	0.007036124355960817	0.0029116130784375893	0.0002735846836046818	0.005017634426218649	0.007861543184690732	0.004961245822567406	0.0018950576256292352
G[T>A]G	0.008273605528656844	0.006785514779452788	0.01266076257736131	0.010940875648617298	0.0015780601078161638	0.0061910821933247465	0.020190010884107323	0.010492701370170958	0.00177514799075027
G[T>A]T	0.0028114364089111632	0.0040367240354964905	0.003929824255527592	0.005520948678481829	0.0008830103129421741	0.004269000221375734	0.00404567337624826	0.0071230339762109905	0.002138926317268499
G[T>C]A	0.0031659100051183485	0.008144506676625838	0.004673502220539376	0.005856711268424988	0.003781600892400974	0.007579814134839467	0.009449411778861645	0.0049858140684114005	0.010411156643604614
G[T>C]C	0.0006595406345041965	0.0024274733848869802	0.0019318779784680373	0.003440160420408347	0.00387643590515836	0.0035718649375485255	0.007021937287276642	0.004061534552747333	0.005888336196140358
G[T>C]G	0.002052398411710783	0.005260080198640935	0.003924163364863489	0.006114285346702672	0.0011897352066491428	0.008769565435650294	0.011835226661205525	0.012520330794311576	0.005086335866944296
G[T>C]T	0.0017999986632639775	0.00292751228029374	0.0017200692813639762	0.005983257922832763	0.004357217207434587	0.00504893031892152	0.005040106599626597	0.009219050658408431	0.007810532704062325
G[T>G]A	0.0008404754822947425	0.000786335667705913	0.0007995646487863794	0.0007225508855462692	0.0005711604339482932	0.0005194549582969276	0.0018752581445276918	0.0010116633546117981	0.0005886208834498774
G[T>G]C	0.00010678355522394157	0.0007492933179813832	0.0004480040770425653	0.0007123768582581392	0.0015737428325486747	0.00189934572304713	0.0018120103563838085	0.0015153994364035838	0.0021941586920364384
G[T>G]G	0.0018615395087654462	0.0018280850626553047	0.0019994191919715833	0.004817612297543548	1.361629571583478e-07	0.0020023840847422036	0.0027858237072604197	0.004007995528840098	0.00018775096563246053
G[T>G]T	0.0004804009945494769	0.0009054702519695468	0.0008614630937265133	0.0018382088261598994	0.0010402003954208539	0.0009957271993412675	0.0016560200575449358	0.006386414049827138	0.0026887029674603014
T[C>A]A	0.029935836298391222	0.026314772800542414	0.023620327429962343	0.040212795753031966	0.021697162138298153	0.02434599617961794	0.021175637609749175	0.013772499216138389	0.0045618490091194515
T[C>A]C	0.07376169685274363	0.045648405813844876	0.04042200086056255	0.05558115417137742	0.013329785207456552	0.023967724867979996	0.01700877694712713	0.026143177922349423	0.007800854773377068
T[C>A]G	0.0156790275988169	0.014396625603403664	0.015122778576407541	0.019292464937856194	0.0012081562835957983	0.012636381257843823	0.013303023755599951	0.00787180130451361	0.001428068015557642
T[C>A]T	0.04530770478770137	0.031406957549043	0.03414673773928371	0.02183612880995497	0.011676238401560114	0.022961406266840657	0.017010356920636696	0.01679081852237914	0.003700467504078316
T[C>G]A	0.003593836652027562	0.0065957565676660265	0.008002328914863029	0.003936998363430177	0.1420655569434166	0.0069699895183117635	0.006027524348683641	0.0029890656063341196	0.0003570314495041771
T[C>G]C	0.00749560212382468	0.00816264771306578	0.008915924601606093	0.010722730002280514	0.04420769428834319	0.007996237552624734	0.023375985012626187	0.009559450371889398	0.0026178234487815645
T[C>G]G	0.001556344291748246	0.0034699978230128183	0.0020320508584448778	0.005634022515223478	0.01834980858489871	0.007857626707409509	0.0052850131148886705	0.00453230189522003	0.0009459372988865766
T[C>G]T	0.00340217075263313	0.005334221740195062	0.009379255688691093	0.009392884000421873	0.17049626141786575	0.007621736850705929	0.012098482999140287	0.011442544157604857	0.00259224599026432
T[C>T]A	0.007885615900158882	0.0070868737428693715	0.00912882279517362	0.013775028894960996	0.20908861637115478	0.012904710512489412	0.015009194316178025	0.033034047190768336	0.009481473779205772
T[C>T]C	0.007103355332583305	0.009456752858241095	0.021505412067635916	0.015456792201730423	0.05630482889711857	0.009765781864994653	0.029130711599136702	0.04282719892449677	0.011963712532597127
T[C>T]G	0.003378621954321943	0.00317309685429791	0.004383628708310426	0.005167049963201862	0.0561739095672965	0.008259018441312946	0.008700405661456898	0.011346235583232556	0.06495426815003157
T[C>T]T	0.0021379785996396092	0.009434364254411796	0.006062908332851293	0.0160576941211184	0.08458529431372881	0.027145845704944806	0.019603072359459475	0.03410412147059105	0.011209014257183299
T[T>A]A	0.0007791395470769657	0.003676857514368095	0.002827803297387277	0.0048810930660441445	0.0004344530170753558	0.007946318160405781	0.005953952542067995	0.005108993792394756	0.0009146727422859157
T[T>A]C	0.0029855870325991418	0.004186346541138164	0.0019791984146526657	0.0033608336385692896	0.00017347476289295116	0.00916119552984469	0.005840395772649458	0.003670244776258187	0.003486537781554091
T[T>A]G	0.005795285556014278	0.006657702046868508	0.007251072784314472	0.006236267985520953	0.001658619010591314	0.007311328643920945	0.005465998092132054	0.005022704225037273	0.0015315637248289704
T[T>A]T	0.0018403221444847873	0.0037268912980158576	0.0034771239937458633	0.005163553065157203	2.6931293191507778e-05	0.0061252363855746235	0.0050290702313022	0.005098202085181072	0.0009265149940696915
T[T>C]A	0.0009410276926610095	0.001617545765629984	0.0014068963385943788	0.004148730264884648	0.003589796981777642	0.007021650276728905	0.0038339052737546807	0.0035545303789302563	0.005609939369605854
T[T>C]C	0.0005027914911943298	0.0015820129922232695	0.0013573120041155563	0.0038215887125215885	0.00038687430632222686	0.005002781344634713	0.004601116462209802	0.008788685416568569	0.007047458530495873
T[T>C]G	0.00020179726543460675	0.0023486415109289283	0.0014683308986245438	0.002947553011472337	0.00018241507048763595	0.008771197152830154	0.011102642131136235	0.008232983342152238	0.0051263721390262165
T[T>C]T	0.00020045082592446307	0.0021610036733341075	0.0014017557561424353	0.0029909816466276596	0.001184586949991555	0.00807032838197273	0.006519570240464674	0.007879080440265796	0.0014047851904381047
T[T>G]A	0.00013512635941552277	0.0005891825323653776	0.000346763400819583	0.001247458366570271	0.00035847938975724247	0.0010560093098779077	0.0009549633253444511	0.004681729554774207	0.0004087757856505547
T[T>G]C	7.366109230499518e-05	0.0008287310821582139	0.00048311403201054757	0.002322529479626567	6.863985729523847e-06	0.002004953570386405	0.005313557975977403	0.005714079642722538	0.0013127433864480054
T[T>G]G	0.0020349638860156817	0.0020778548513635544	0.001326605702093815	0.0036549166435290914	0.0005984944777847389	0.004108477905561347	0.0025168381425933715	0.001839289198229821	0.00083351591739671
T[T>G]T	9.821939780650268e-05	0.0019317874401660617	0.0013668107029003807	0.002643727590711791	0.000647363723198584	0.003561818106872181	0.003279685234172831	0.008210569782389996	0.002084408681821799
