MutationType	SBS96A	SBS96B	SBS96C	SBS96D	SBS96E	SBS96F	SBS96G	SBS96H	SBS96I	SBS96J
A[C>A]A	0.006103002367981105	0.014911197518930521	0.007155394522895193	0.013378322889058153	0.005437809589308245	0.021951600022797706	0.0019369765498197466	0.012543562148337059	0.009377973171810083	0.0010354402311480726
A[C>A]C	0.002698742560373404	0.011137868721416453	0.030378879892355146	0.012732246193719732	0.003681084109416588	0.02528237115265881	0.0024436744375231356	0.012089862228632455	0.010955989409856742	0.00044305635506322713
A[C>A]G	0.00024372263675081384	0.0004266850301792502	0.0035783445908121082	0.0069054337769338045	0.005721310100595645	0.006994507460650236	0.00786519588531455	0.004006244794036107	0.004550574174661506	6.799214107289231e-07
A[C>A]T	0.0002581302451300127	0.014122862206153285	0.0013180420862324738	0.0004291442558781	0.00547808835045839	0.0015573624039602408	0.010550994135190485	0.0026107974053640247	0.0004775551821489543	0.00013156221580899795
A[C>G]A	0.0014329721123510454	0.004608886864312245	0.006695646135005262	0.001065054975234716	0.0023138982789556906	0.002666883855144846	0.008851214316204743	0.007504806923755929	0.013601796174294236	0.0005768894614832476
A[C>G]C	0.0023885788821689856	0.005146690275184937	0.0037415351676702356	0.01387324445986053	0.0018509686070025567	0.004273269659019618	0.004262876117119987	0.007546315958172016	0.003648826177519737	6.011265367078522e-07
A[C>G]G	0.0011581787173505376	0.004964872475435982	0.0018955459234813788	0.001122232958329903	0.0010787730659208704	0.000762326290891906	0.0004249475234457378	0.002668593179944878	0.0020617603871460233	7.815530911159385e-07
A[C>G]T	5.0877850032193804e-05	0.0004974766478882842	0.003179683878407609	0.0009359843706365337	0.00874521479731726	0.008608059602913585	0.0024038907547589616	0.004543291359104877	0.00362939563012743	0.006811021039476941
A[C>T]A	0.016942393291016627	0.021519385709311792	0.004135562235790076	0.010416721976913621	0.007987442123217647	0.012461050009752625	0.009917666726329344	0.017961596146618602	0.004572192042046197	0.009075066370661038
A[C>T]C	0.0013932982797913952	0.0005542053122420043	0.018314458249261492	0.020907144923140778	0.026136177569096617	0.01770356464478695	0.026212033571835606	0.015735824524467965	0.04623191490477382	0.007767918271450256
A[C>T]G	0.012238457837399394	0.02054729199386202	0.055226391181349754	0.05930853870115243	0.0515911174134817	0.1230959365516901	0.05465145952999592	0.02654700380850727	0.022959632925552854	0.016147443630760847
A[C>T]T	0.015003525318743414	0.015632183386478572	0.006228634161088138	0.005626156336746533	0.009019892301975006	0.006173721950514732	0.02658521447241482	0.012120009092704435	0.006359329052254203	0.009900908225608136
A[T>A]A	2.442198831431598e-07	0.00016730755661036766	0.008023333080394011	0.0026103477874795545	0.006270264997425556	0.0020115868946535896	0.0018005689716217431	0.0011535902087335614	0.02011670451046811	0.00024577877630832745
A[T>A]C	0.0002370310097901873	0.0005169687597973471	0.016824698597418575	0.002014111961711933	0.00864356148058917	0.013249682352595186	0.003254701812053753	0.005934905836580348	0.0054902388545296785	5.268960776305676e-07
A[T>A]G	0.002585147045920877	0.0007801601511086886	0.006967407640721532	0.00251537912521556	0.0007337573352207727	0.003500106189218659	0.008749206151181283	0.0007842245745066734	0.002074266142277885	9.796210964708507e-05
A[T>A]T	1.6042532934967824e-07	0.012210631992176672	0.005071816415674241	0.0028527955434487716	0.0007550416385640801	0.003215814197249074	0.009105968070319931	0.0011869664650730983	0.0025779180216038357	0.01569862672604074
A[T>C]A	0.005182549113365766	0.010239541755591403	0.009424880486472774	0.006768808421773258	0.010656047949182436	0.006138903706652599	0.008911588566442958	0.008298210913755426	0.0052020509421496185	0.0003570250745514336
A[T>C]C	3.6216149412737764e-05	0.009882224186556527	0.0028029085959067144	0.006708622682115219	0.0014595193929960715	0.005340166411184555	0.006070491864872771	0.0033481903744438314	0.0015875758062323265	0.030941528348707267
A[T>C]G	0.0026980141689681146	0.010558676864719984	0.020106416338149417	0.0038060909641237117	0.014752124693089001	0.008948556516626838	0.009384544644416924	0.010579042589312734	0.02632417620937332	0.0001670499169572226
A[T>C]T	0.0033959555598670477	0.004363597419325487	0.006051724704234402	0.008930667639647182	0.021051846297404496	0.009479872091644808	0.004814397232506699	0.011296517129629677	0.0045308485037980975	0.026932969438156106
A[T>G]A	7.192420705964153e-05	0.004564326431267176	0.002204527151706017	0.0012817627968797751	0.004611453045109357	0.0016936621273944753	0.0049479597187662705	0.0020372674898708264	0.0015773174493835995	0.009371210464983334
A[T>G]C	2.3789539541851922e-07	0.0001762752892766173	0.0012816770460891292	0.001107639226577879	0.0030465504187088756	0.0045121614276447276	0.0013165147279214295	0.0019315083007833778	0.0009724026044585088	0.017206827878669628
A[T>G]G	0.001162740682009904	4.1843487214840994e-05	0.004690704890935909	0.005922692114191541	0.002910402366686533	0.009739481683990334	0.0015358603284411742	0.005630538983857534	0.007249219403414315	6.373708187190629e-07
A[T>G]T	8.664766921539169e-05	3.638983423332576e-05	0.004430756004690579	0.0012562236242458624	0.0052186832199924635	0.0010241274408025447	0.0019155416499225452	0.003873037243265998	0.0018459180747359483	0.028414763294278486
C[C>A]A	0.005464587433710904	0.04512002277188003	0.008206548914520368	0.008601393356798895	0.016526285779308977	0.007560851012436842	0.01782849512909536	0.009775365020674213	0.0026383148076550354	0.010289536087575666
C[C>A]C	0.0007767792246496618	0.04425920191358727	0.011042837289737121	0.0034248182975656506	0.004082738600040017	0.011230267520062114	0.004670093833289996	0.005990800553107824	0.012251494917181844	2.9856292446117647e-07
C[C>A]G	4.805469947832819e-07	0.006163988783709442	0.004364155165371812	0.0024653185680784872	0.004581954830430277	0.0012442422788340934	0.004984425273001989	0.0011626856304873456	0.0024667119689465267	0.0001404174430111027
C[C>A]T	0.0008951834780090096	0.048676277699205454	0.008659990712698367	0.0036311970730677602	0.012151001451760237	0.0033672962263649707	0.010217507527889892	0.009802760819882935	0.018849264870294178	1.4381148890940666e-06
C[C>G]A	0.0026627693337694324	0.0004095262331998129	0.0037072268800216078	0.006725253347470499	0.007340430913056934	0.008657511422595547	0.009021753249196535	0.008446843605844237	0.01158074997696076	8.457932732941487e-07
C[C>G]C	0.005651930001924228	0.02382245304073706	0.006598900005400541	0.007482519845142548	0.002347769638210728	0.003909240318696767	0.00512312651328898	0.002808451709576891	0.01099963219657326	0.00016012510307056971
C[C>G]G	4.2175947758664737e-05	0.0008112020492527705	0.0013542692867792993	0.0005985570947072461	0.0023390988538238844	0.0024321388826658106	0.0017403057438618319	0.003079729041192536	0.0015958007485795634	8.278541113782012e-07
C[C>G]T	0.00759900551576056	0.031951196982745386	0.0024073435348135773	0.017986537095667644	0.006515510950444146	0.005199771015213628	0.014206915273524032	0.008562733932232476	0.00598769354010642	0.0010933112387179556
C[C>T]A	0.006956449864383103	0.01998216625186615	0.03810982897814142	0.01046504640666967	0.03894482455449179	0.019959343933006152	0.01921780437694622	0.02230019856003764	0.05831598549140835	0.017353163056453694
C[C>T]C	0.004748761575590521	0.0257951899478212	0.016069480444367058	0.02926758918520477	0.014024678904148545	0.012431635543312596	0.010115825982682436	0.0055099811805241925	0.010161142961198095	0.008910416810076533
C[C>T]G	0.016706091220257804	0.026637782759498806	0.029227210264602944	0.04893302550073713	0.032071027702186256	0.09728298912426353	0.009028974962493521	0.03145013995978161	0.027069358247976804	0.017873960699661212
C[C>T]T	0.006637757972797544	0.02197186342207715	0.011147578064002345	0.035358051698895	0.014326123838545755	0.026685892698023964	0.026275108715053647	0.01187111953258352	0.020415570690938693	0.03335150325399923
C[T>A]A	0.00503595662121235	0.004638088056156313	0.0037211143343617438	0.0013562354345600625	0.0053137849562581605	0.00906085405858704	0.0013566164398829982	0.004628595571309261	0.005567449965193702	0.0067406580670567
C[T>A]C	0.0057363146227227	0.00024630051809694466	0.004002131280969649	0.005934021874202671	0.001709095349381471	0.007058238857344925	0.004858011093090226	0.002200450732733401	0.010596551505823015	0.0070850703647911215
C[T>A]G	0.011372766618650302	0.009372727652892153	0.0014033556703390816	0.008454828888280091	0.0030665720408651256	0.0070622099451653495	0.0010180064370005936	0.0065226620757036355	0.006111201128935484	0.014303045510828127
C[T>A]T	0.0001812073846359219	0.009262234223978111	0.0033446924376014666	0.0010955760577715523	0.013405263391345557	0.008107032128289475	0.011176853079827395	0.008789535860316562	0.007696731046141565	0.0002287254543478312
C[T>C]A	0.0008648411977833348	0.00482038518874532	0.00444805515912293	0.004782805723439907	0.0022671446840293184	0.0018533305832126245	0.0010696267728596354	0.0038580153754050883	0.01076693055604096	0.0005588594346722431
C[T>C]C	0.004057566343364271	0.01095730988205176	0.0021218409553330985	0.0038904008864998475	0.002574638248644021	0.0007503918125895482	0.004285686136902705	0.003704114738088222	0.0022296379689444377	0.021253138598104897
C[T>C]G	0.0019301087512195636	0.005050205158983197	0.006207978815060091	0.0047916475079247435	0.006703609016271059	0.008924609668571861	0.017722613775817138	0.019298567238526302	0.003416013697923006	0.04741164730438299
C[T>C]T	8.620589220242891e-08	0.0003223531575712002	0.007369325498892465	0.012526075309857845	0.0036848623644857525	0.009307602305025853	0.010933629433218357	0.0030120218421550503	0.016540493251792156	0.01597277900539055
C[T>G]A	7.587234897954431e-07	0.0006346557642962125	0.00024841607508776066	7.85205464825367e-05	0.0025726558190848434	0.0004041976700458605	0.0032586872159342307	0.000489860897271086	0.00014844731871960448	9.666043786182853e-07
C[T>G]C	0.0011382983628691345	0.00020845974477452954	0.0004845772665377979	0.0020570613792646954	0.00164959658063907	0.0020560577665936462	0.0003670530502977698	0.0027232399636071135	0.006405621014855569	0.01964740612270134
C[T>G]G	0.0014590454451512214	0.011462295141081427	0.008331873943195376	0.011699116135050645	0.009163363029736828	0.007738185789306762	0.01486713188341298	0.0076025501956124945	0.00788411839028683	0.007531216120832384
C[T>G]T	0.001120660568337769	2.0914529724507247e-05	0.0009077198613983129	0.001702411438201068	0.0017701599721678463	0.0005807180215232769	0.008714066084818627	0.0010436989494271387	0.0003614586989286295	0.21738822847604752
G[C>A]A	0.00930522897876088	0.015814133698718404	0.009611662216671419	0.008283028975669425	0.007419187096956392	0.005781840548265827	0.00801967047280371	0.009080836446621917	0.00710328533989184	0.00024401247010366945
G[C>A]C	0.0010465994981075255	0.03994328842228697	0.01491481219361532	0.019685242773983303	0.027282344495219775	0.007264962529608194	0.023003569734091157	0.009399675689145681	0.008338104394191817	0.008830419401243574
G[C>A]G	0.0025753792193552714	0.017742216877273335	0.007370701035077616	0.0036790747893257958	0.012365328229048202	0.004954808086568647	0.009300657946061506	0.006919013104124865	0.006344284721112956	0.00019217578163779336
G[C>A]T	0.0006490191866913619	0.008900764675971118	0.0034016367010046133	0.0011696083986949901	0.03600248184042599	0.01136344554656702	0.002361241639951501	0.012381789015303752	0.010186098186329335	0.005696288452415193
G[C>G]A	0.00044936001053908826	0.0006326076214140386	0.004246469846696783	0.005689902996271456	0.019178064752954926	0.005157363717180203	0.005165873940057075	0.011488276639222902	0.0030208438144238414	0.0017010540844338352
G[C>G]C	0.0010866040430675373	0.0059129756805192816	0.005762905356736177	0.0025703779619898628	0.00536683404035017	0.004569011502993945	0.0008411726350220761	0.006732330538669657	0.0074696094238399	5.96570608916025e-05
G[C>G]G	4.805630628590408e-07	0.0008420145120032885	0.0018288634578546236	0.0007508237318056387	0.0010996048502322252	0.002843665802618034	0.008627165608675966	0.001109911631616285	0.001024350979308224	3.6785402703998214e-05
G[C>G]T	0.002314458681881799	0.007042750224108048	0.0016256802845954254	0.011810632295796122	0.004729471295709314	0.0056225635744783274	0.019659363404472288	0.009585140521649596	0.0011022904676590618	0.00021769316260282777
G[C>T]A	0.00901330831792876	0.027117507750608637	0.018080093735713378	0.03286234726881638	0.01893207047319578	0.02220955687322089	0.018913636292668342	0.02248308045546903	0.005751638690196899	0.008872794004256867
G[C>T]C	0.0051560603074833015	0.005789222611242408	0.021776888981516435	0.025284154585060604	0.02973388375092327	0.016309355285655514	0.03834031648002565	0.019848735852613195	0.01955725944229073	0.01910465267760941
G[C>T]G	0.02440850878169414	0.005251088985066872	0.11501822789688618	0.0723917904943596	0.025068426579236983	0.07691712931162328	0.03203681605868042	0.02423848642569965	0.0969007024820894	0.008286049526603705
G[C>T]T	0.0029761601151388106	0.03577229396875055	0.02537825745986936	0.03129638254934337	0.028620171438401485	0.01728882025754217	0.005065091740222947	0.010366005998489811	0.020113915453246988	0.02496229456775602
G[T>A]A	3.1856668677221476e-07	0.012445315005880246	0.003966509303829184	0.007066386471682478	0.0011071859949351648	0.003972119501668985	0.0010344520021546445	0.0022085409684537184	0.00224953356358526	0.0005166518305738066
G[T>A]C	0.0011156910774420227	0.0011436591850240063	0.00232942645549592	0.0008715147500793563	0.011539940080847941	0.001989583894411986	0.0029257304491596514	0.00853754738539152	0.01020972798743017	7.178156589461082e-05
G[T>A]G	0.002160925688653119	0.004384264217856177	0.0063634559050321825	0.0014689818860497894	0.0023345109125719786	0.0017705168638298475	0.006351794885936748	0.005343227824994443	0.00781062266238365	0.00011311299952533771
G[T>A]T	2.2819695930040852e-05	0.005023417190925556	0.0015394431363466765	0.0009849387653217256	0.001627068533438063	0.00045814500006805756	0.00140240648501603	0.0017928736140765268	0.0006874300934611454	0.009890436338164933
G[T>C]A	0.002360365961403552	0.001134113235257459	0.003389101041835083	0.004642247205468024	0.011788287355165182	0.004708504314373911	0.002434786345557942	0.007224881930869458	0.0021184690611693925	0.008379870590782162
G[T>C]C	0.006497433387137406	9.564514304116756e-08	0.005040724685731455	0.013047460462306901	0.0015477377886936238	0.012754095408358097	0.00366830731532815	0.013465587532598598	0.00392007355021357	0.007076898862025587
G[T>C]G	0.006320341687995752	0.004882318519761384	0.006340726147498969	0.012116238363279025	0.004443570943287583	0.009433974512144267	0.008578904150441104	0.0064757655461799854	0.004773463249493446	0.001019767904523121
G[T>C]T	0.00016240672987898107	0.0006945939351409436	0.013996975156167152	0.0038792963714459816	0.012413063195691337	0.011515060168371748	0.012786089943882075	0.005829613221534551	0.020665034342165427	0.00820626737519003
G[T>G]A	0.0015242971315813313	0.0003525234571613112	0.0015292034473924332	0.001153137185616515	0.0033259075132527015	0.0009500976421210794	0.0006713546409617788	0.0028907447518358607	0.010993081703807661	6.968750602865725e-05
G[T>G]C	6.165565809723717e-07	0.004137954127803596	0.0014319435852408447	0.0013020989470427936	0.0005624847711274584	0.0001450936014504123	9.56305260189083e-07	0.00038690562510396376	0.0009206669679554124	8.954422878559854e-07
G[T>G]G	5.73923464382986e-05	0.005388490373264858	0.002392868417670826	0.0026517165032986156	0.003619074274669458	0.002463918803836407	0.0009768246891943022	0.0019566457190448006	0.001016997899302723	4.223099886019099e-05
G[T>G]T	0.002267256277019101	0.00019681906482638567	0.0007292059604673184	0.0013834561303177396	0.0038527890817152155	0.002024931194531341	0.0009018017931892785	0.006339752501136076	0.007361804345232485	0.006885608168215462
T[C>A]A	0.008582844018322077	0.014214317083794867	0.016564933241996496	0.015772841654047624	0.012128707753908542	0.010597299377676563	0.026512980324141608	0.013223279738059545	0.008742148078734129	0.008030236132568546
T[C>A]C	0.007880407266110296	0.03706083404831588	0.022971667542842623	0.015100694619172827	0.02082597223028529	0.01154451366580247	0.008357962485436117	0.021199121527934038	0.0390274356476948	0.00899906100078077
T[C>A]G	0.003996026185302668	0.02617276585515242	0.0007790843834131067	0.0024661511695419592	0.00688765117103344	0.0023470717749638935	0.015843386278997968	0.0062885907731983085	0.0005971856836519507	0.00012874603069239045
T[C>A]T	0.003019112303340137	0.02800253376761873	0.011596713704372376	0.05074158339961059	0.05635500814630575	0.007677654936577376	0.004513837066267836	0.009801328033635369	0.012754084015183622	1.5698985382783804e-07
T[C>G]A	0.161895240098238	0.004116240497385206	0.0032009232397678033	0.002013069617876937	0.006474877991515768	0.0028108528548073507	0.010762734135009779	0.04621977548462041	0.025038979642813784	2.2609809352758248e-07
T[C>G]C	0.04677291875705123	0.01467388900955683	0.00823118514577212	0.004071252010864441	0.023435465981451672	0.011334930391137164	0.046399730060966246	0.018923788153265376	0.0043365001213391706	6.895274081236024e-05
T[C>G]G	0.006724005243310671	6.019992035653843e-05	0.00123116642802934	0.005897729416681727	0.001000875302603248	0.00023582670542245056	0.00033900488621998906	0.0030729156242188084	0.002238117210300672	7.584676149008374e-07
T[C>G]T	0.16552623838186264	0.008916750326995952	0.015068710326897872	0.017679841381071027	0.026442651528832357	0.013602292576725149	0.06278154080276636	0.07674929343033284	0.007479081070344193	0.006996513829772759
T[C>T]A	0.18246161624789237	0.02700902881566435	0.065040714651077	0.016618358521454865	0.03571089256906589	0.01907358527307224	0.04148959954686347	0.06801066188185359	0.020653177138478897	0.044042959278449416
T[C>T]C	0.030578067069873215	0.00940786932129413	0.02370312969406541	0.05075612940025167	0.023537982770067176	0.023711279336268945	0.028080707836663804	0.02782848269425813	0.06308100346022684	0.018885825714371834
T[C>T]G	0.05456086721271276	0.028001240673489417	0.03536573551075435	0.07283249851727078	0.028369813185763988	0.0356893211694819	0.03431272794958204	0.03013608359649595	0.0142576707018236	0.00029134094148645316
T[C>T]T	0.07236687459051609	0.02570287370122969	0.052265560485921014	0.024244661767734214	0.013288633965269128	0.030414434303942882	0.028657655275337673	0.0754253304489248	0.021098109221912863	0.025444038193672896
T[T>A]A	3.9475453288737584e-05	0.008460200332706905	0.0018425332953133067	0.001980336680860617	0.0026015979209415186	0.0012824216365446971	0.0012342910973910648	0.0014308928221861805	0.007546588690398721	0.0002951132819498525
T[T>A]C	1.0790128822435463e-07	0.004873253971860904	0.012106415669844009	0.009697991119383582	0.014551853200454162	0.004762653766525702	0.002971470719856555	0.006422817383171644	0.003738666340448695	4.266235819816444e-07
T[T>A]G	0.00013033865265981603	0.000912486086692832	0.0016782131787340404	0.0013249535104168332	0.0014543813442772092	0.0018416129083033183	0.0017138261985016356	0.0034349315534146284	0.0009383172104708138	8.395137234629146e-07
T[T>A]T	4.966933847327937e-07	0.00024468772771456314	0.0008270756230714937	0.002418960551914324	0.0005795932577860796	0.0004359578820475463	0.005542223274564435	0.001563268743419144	0.00137471275110272	0.00019385913510944875
T[T>C]A	1.8459323349873103e-07	0.00886947047732221	0.007474733877230335	0.0008928626517374738	0.0016887194752013101	0.001806335481361856	0.0035105754269233102	0.0012501488229334967	0.00393842379597416	0.013066937616204938
T[T>C]C	0.007209184214110138	0.010382499131930132	0.0086063005226573	0.0027665743409033185	0.006359100766758203	0.004152209021215469	0.0009140362105165245	0.008290257123646824	0.004086158959357267	0.019001686825973536
T[T>C]G	0.00015323368239421596	0.0004235418164594762	0.004482080145085803	0.0033136000856572425	0.0011762122590761592	0.0008365054517301473	0.012722740258557224	0.0006911568697550763	0.0029147739355005696	0.00026970851260671225
T[T>C]T	9.302973340683971e-08	0.010854978619330921	0.008973183871068215	0.0020076003920002704	0.010561164148599964	0.005983672094791217	0.010543125321123057	0.0021339111449654525	0.01649509445659433	3.957177430535808e-07
T[T>G]A	4.867747434644798e-07	0.00015077603773519855	0.0009356423046286011	0.0006065607028281761	0.005472295791518889	0.002728746960368369	0.00040640450134915796	0.0013674155432062208	0.0006901584334937638	0.0012715982442185235
T[T>G]C	0.00022212614601144765	0.0002199210566185883	0.002276697161836303	0.0030158054708429916	0.0026435214107964457	0.007908605270186228	0.004722664880679588	0.002367861606526844	0.0021258862935285804	0.013747621639821475
T[T>G]G	5.323915242172461e-07	0.0004525272657824786	0.002343720108502225	0.0013352151026626302	0.0008865160538828043	0.0009781623709892529	9.247690619229587e-07	0.0006195510114961245	0.002309997013701661	8.803474216279028e-07
T[T>G]T	1.4585674568579065e-07	6.833509683893623e-05	0.0011527000130910636	0.0006205256528830105	0.005323799222882428	0.0025261079034130775	0.004626055421542503	0.0008977329326616967	0.0068665003125450855	0.09016115453094244
