MutationType	SBS96A	SBS96B	SBS96C	SBS96D	SBS96E	SBS96F	SBS96G	SBS96H	SBS96I	SBS96J
A[C>A]A	7.25E-04	1.03E-03	1.09E-03	1.58E-03	9.09E-04	1.70E-03	4.28E-04	1.80E-03	1.19E-03	3.37E-04
A[C>A]C	4.05E-04	1.05E-03	2.76E-03	1.52E-03	8.73E-04	2.61E-03	7.63E-04	1.82E-03	1.65E-03	2.23E-04
A[C>A]G	1.49E-04	2.37E-04	6.55E-04	9.49E-04	9.73E-04	1.35E-03	1.01E-03	9.82E-04	9.15E-04	3.38E-08
A[C>A]T	1.04E-04	8.25E-04	4.46E-04	1.70E-04	7.97E-04	4.08E-04	9.72E-04	5.42E-04	2.43E-04	9.22E-05
A[C>G]A	2.73E-04	5.39E-04	1.11E-03	2.76E-04	4.92E-04	6.51E-04	8.89E-04	1.10E-03	1.39E-03	2.66E-04
A[C>G]C	4.58E-04	5.76E-04	6.14E-04	1.35E-03	7.63E-04	9.18E-04	6.32E-04	1.35E-03	8.83E-04	5.40E-08
A[C>G]G	2.34E-04	5.93E-04	4.20E-04	3.72E-04	3.91E-04	2.60E-04	2.77E-04	4.76E-04	5.63E-04	2.38E-08
A[C>G]T	4.24E-05	3.09E-04	6.17E-04	3.19E-04	9.67E-04	1.09E-03	6.12E-04	8.86E-04	6.89E-04	7.16E-04
A[C>T]A	1.10E-03	1.36E-03	1.01E-03	1.48E-03	1.25E-03	1.60E-03	1.37E-03	1.99E-03	1.15E-03	8.58E-04
A[C>T]C	3.09E-04	3.39E-04	2.20E-03	2.15E-03	2.07E-03	2.22E-03	1.98E-03	2.31E-03	3.13E-03	8.37E-04
A[C>T]G	1.02E-03	1.29E-03	4.29E-03	4.34E-03	3.63E-03	5.09E-03	3.11E-03	3.10E-03	2.84E-03	1.21E-03
A[C>T]T	8.67E-04	1.06E-03	1.40E-03	8.47E-04	1.08E-03	1.10E-03	1.85E-03	2.09E-03	1.01E-03	1.07E-03
A[T>A]A	2.73E-08	1.32E-04	8.77E-04	6.76E-04	9.87E-04	4.35E-04	5.45E-04	3.38E-04	1.77E-03	1.73E-04
A[T>A]C	1.52E-04	2.30E-04	2.06E-03	5.34E-04	1.08E-03	1.77E-03	7.40E-04	1.08E-03	1.18E-03	3.25E-08
A[T>A]G	3.02E-04	2.59E-04	9.92E-04	6.46E-04	2.58E-04	7.97E-04	9.47E-04	2.90E-04	5.54E-04	6.83E-05
A[T>A]T	2.14E-08	9.89E-04	8.03E-04	6.05E-04	3.55E-04	5.79E-04	9.21E-04	4.64E-04	7.97E-04	1.17E-03
A[T>C]A	4.84E-04	7.70E-04	1.27E-03	8.58E-04	1.14E-03	1.07E-03	9.38E-04	1.27E-03	8.34E-04	1.76E-04
A[T>C]C	3.61E-05	7.44E-04	5.58E-04	8.74E-04	4.64E-04	6.99E-04	6.54E-04	7.09E-04	5.45E-04	1.66E-03
A[T>C]G	3.71E-04	9.32E-04	2.33E-03	7.91E-04	1.93E-03	1.40E-03	1.40E-03	2.01E-03	2.78E-03	1.67E-04
A[T>C]T	4.08E-04	5.96E-04	1.04E-03	1.46E-03	1.80E-03	1.72E-03	1.04E-03	1.87E-03	7.54E-04	1.79E-03
A[T>G]A	7.16E-05	5.66E-04	4.89E-04	3.35E-04	6.13E-04	4.51E-04	5.92E-04	4.50E-04	4.34E-04	1.10E-03
A[T>G]C	2.75E-08	9.37E-05	4.02E-04	3.63E-04	5.28E-04	8.49E-04	3.93E-04	4.66E-04	3.58E-04	1.36E-03
A[T>G]G	3.27E-04	4.17E-05	7.93E-04	8.22E-04	6.69E-04	1.20E-03	3.40E-04	1.30E-03	1.21E-03	3.28E-08
A[T>G]T	6.73E-05	3.44E-05	7.02E-04	3.93E-04	7.47E-04	2.84E-04	4.33E-04	7.36E-04	4.71E-04	1.64E-03
C[C>A]A	5.05E-04	1.56E-03	1.14E-03	1.11E-03	1.61E-03	1.04E-03	1.43E-03	1.24E-03	5.93E-04	1.07E-03
C[C>A]C	2.09E-04	1.92E-03	1.35E-03	6.73E-04	7.67E-04	1.35E-03	5.97E-04	1.09E-03	1.37E-03	2.76E-08
C[C>A]G	6.15E-08	7.32E-04	7.37E-04	5.56E-04	5.58E-04	3.02E-04	6.40E-04	3.48E-04	8.19E-04	1.40E-04
C[C>A]T	2.01E-04	2.00E-03	1.30E-03	8.03E-04	1.26E-03	7.39E-04	1.07E-03	1.36E-03	2.16E-03	1.18E-06
C[C>G]A	3.33E-04	1.89E-04	8.95E-04	9.06E-04	1.03E-03	1.52E-03	1.10E-03	1.16E-03	1.73E-03	3.20E-07
C[C>G]C	5.81E-04	1.04E-03	1.04E-03	1.11E-03	7.05E-04	7.13E-04	6.09E-04	6.56E-04	1.30E-03	1.14E-04
C[C>G]G	4.16E-05	2.66E-04	3.61E-04	2.08E-04	4.63E-04	5.40E-04	5.10E-04	5.78E-04	4.13E-04	2.50E-08
C[C>G]T	7.84E-04	2.07E-03	1.07E-03	2.05E-03	1.26E-03	1.18E-03	1.22E-03	1.57E-03	8.02E-04	5.90E-04
C[C>T]A	6.21E-04	1.07E-03	3.49E-03	1.38E-03	2.84E-03	2.32E-03	1.85E-03	2.46E-03	4.20E-03	1.18E-03
C[C>T]C	6.37E-04	1.69E-03	1.91E-03	2.94E-03	2.09E-03	1.55E-03	1.60E-03	1.24E-03	1.73E-03	9.14E-04
C[C>T]G	1.27E-03	1.82E-03	2.66E-03	3.86E-03	2.39E-03	5.29E-03	2.06E-03	3.24E-03	2.63E-03	1.26E-03
C[C>T]T	5.89E-04	1.53E-03	1.51E-03	2.44E-03	1.59E-03	2.29E-03	1.90E-03	1.46E-03	2.15E-03	1.75E-03
C[T>A]A	4.51E-04	5.11E-04	7.19E-04	3.95E-04	7.38E-04	1.03E-03	3.79E-04	9.11E-04	9.33E-04	6.58E-04
C[T>A]C	5.05E-04	1.81E-04	8.60E-04	8.97E-04	6.07E-04	1.07E-03	6.93E-04	5.10E-04	1.18E-03	7.95E-04
C[T>A]G	7.93E-04	8.46E-04	3.96E-04	1.08E-03	5.56E-04	1.17E-03	4.59E-04	1.05E-03	8.62E-04	1.01E-03
C[T>A]T	8.11E-05	8.32E-04	8.02E-04	3.28E-04	1.49E-03	1.09E-03	1.20E-03	1.59E-03	1.03E-03	2.28E-04
C[T>C]A	2.17E-04	5.44E-04	7.72E-04	7.98E-04	6.53E-04	4.55E-04	3.28E-04	6.88E-04	1.29E-03	2.80E-04
C[T>C]C	3.97E-04	9.07E-04	5.74E-04	8.41E-04	5.76E-04	2.96E-04	6.42E-04	5.82E-04	5.28E-04	1.20E-03
C[T>C]G	3.62E-04	6.47E-04	1.26E-03	1.04E-03	9.08E-04	1.45E-03	1.61E-03	2.33E-03	9.49E-04	2.16E-03
C[T>C]T	2.19E-08	1.65E-04	1.09E-03	1.51E-03	8.30E-04	1.32E-03	1.05E-03	6.34E-04	1.42E-03	1.48E-03
C[T>G]A	9.96E-08	1.94E-04	1.12E-04	5.41E-05	4.11E-04	1.88E-04	4.03E-04	2.31E-04	1.08E-04	2.71E-08
C[T>G]C	2.24E-04	1.14E-04	1.92E-04	6.41E-04	5.22E-04	4.92E-04	1.69E-04	6.92E-04	8.90E-04	1.29E-03
C[T>G]G	2.98E-04	8.85E-04	1.29E-03	1.29E-03	1.38E-03	1.02E-03	1.08E-03	1.28E-03	1.30E-03	7.79E-04
C[T>G]T	2.76E-04	2.06E-05	3.05E-04	7.00E-04	4.83E-04	3.25E-04	1.03E-03	4.60E-04	1.67E-04	4.93E-03
G[C>A]A	7.29E-04	1.19E-03	1.51E-03	1.05E-03	1.43E-03	9.67E-04	9.43E-04	1.35E-03	1.42E-03	1.49E-04
G[C>A]C	2.31E-04	1.76E-03	1.53E-03	1.93E-03	2.28E-03	1.27E-03	1.83E-03	1.40E-03	1.49E-03	8.89E-04
G[C>A]G	4.34E-04	1.00E-03	1.43E-03	6.74E-04	1.44E-03	8.63E-04	1.06E-03	1.19E-03	1.18E-03	1.11E-04
G[C>A]T	1.68E-04	8.36E-04	1.09E-03	4.94E-04	2.85E-03	1.70E-03	8.73E-04	1.87E-03	1.70E-03	6.81E-04
G[C>G]A	2.00E-04	2.94E-04	8.85E-04	1.21E-03	2.04E-03	1.24E-03	1.36E-03	1.82E-03	7.38E-04	5.35E-04
G[C>G]C	2.18E-04	6.46E-04	9.01E-04	4.83E-04	7.53E-04	7.71E-04	2.74E-04	9.80E-04	1.04E-03	5.90E-05
G[C>G]G	2.83E-08	3.36E-04	4.79E-04	3.36E-04	3.39E-04	7.18E-04	8.93E-04	3.45E-04	3.72E-04	3.60E-05
G[C>G]T	3.74E-04	7.80E-04	6.23E-04	1.35E-03	7.20E-04	1.06E-03	1.49E-03	1.28E-03	5.02E-04	1.53E-04
G[C>T]A	8.16E-04	1.71E-03	2.24E-03	3.04E-03	2.02E-03	2.91E-03	2.14E-03	3.20E-03	1.13E-03	8.13E-04
G[C>T]C	6.36E-04	7.33E-04	2.23E-03	2.92E-03	2.93E-03	1.90E-03	2.35E-03	2.88E-03	2.60E-03	1.42E-03
G[C>T]G	1.74E-03	7.07E-04	5.67E-03	4.67E-03	2.41E-03	5.35E-03	2.11E-03	2.56E-03	5.69E-03	8.61E-04
G[C>T]T	4.92E-04	1.61E-03	2.37E-03	3.04E-03	2.43E-03	2.03E-03	1.12E-03	1.62E-03	2.35E-03	1.62E-03
G[T>A]A	3.43E-08	1.05E-03	9.70E-04	9.60E-04	3.39E-04	6.61E-04	4.12E-04	6.06E-04	6.08E-04	2.71E-04
G[T>A]C	2.27E-04	3.60E-04	4.70E-04	4.36E-04	1.31E-03	5.64E-04	6.52E-04	1.23E-03	1.26E-03	7.12E-05
G[T>A]G	3.14E-04	4.79E-04	1.08E-03	4.00E-04	5.82E-04	4.51E-04	7.99E-04	8.13E-04	9.64E-04	7.92E-05
G[T>A]T	2.24E-05	6.07E-04	4.82E-04	3.18E-04	4.56E-04	1.73E-04	3.81E-04	6.79E-04	2.55E-04	9.60E-04
G[T>C]A	4.06E-04	3.08E-04	6.57E-04	7.60E-04	1.14E-03	9.44E-04	7.08E-04	1.04E-03	5.13E-04	8.20E-04
G[T>C]C	6.91E-04	2.90E-08	1.07E-03	1.77E-03	5.10E-04	2.01E-03	8.79E-04	1.96E-03	1.09E-03	8.24E-04
G[T>C]G	6.34E-04	6.29E-04	1.14E-03	1.66E-03	9.21E-04	1.49E-03	1.05E-03	1.20E-03	9.56E-04	4.15E-04
G[T>C]T	1.17E-04	2.62E-04	1.80E-03	8.73E-04	1.61E-03	1.61E-03	1.38E-03	1.29E-03	2.37E-03	9.24E-04
G[T>G]A	2.77E-04	1.89E-04	4.19E-04	5.00E-04	7.38E-04	4.62E-04	2.68E-04	6.16E-04	1.13E-03	6.89E-05
G[T>G]C	3.66E-08	4.60E-04	3.80E-04	3.31E-04	2.81E-04	1.43E-04	1.15E-07	2.06E-04	2.67E-04	2.31E-08
G[T>G]G	5.70E-05	6.27E-04	5.45E-04	5.84E-04	5.02E-04	4.86E-04	2.89E-04	4.36E-04	3.16E-04	4.13E-05
G[T>G]T	3.58E-04	1.08E-04	2.35E-04	4.15E-04	6.21E-04	5.90E-04	2.90E-04	9.94E-04	1.06E-03	8.28E-04
T[C>A]A	7.16E-04	1.17E-03	1.93E-03	1.81E-03	1.43E-03	1.58E-03	1.89E-03	1.58E-03	1.59E-03	7.85E-04
T[C>A]C	7.43E-04	1.90E-03	2.91E-03	1.66E-03	1.93E-03	1.76E-03	1.22E-03	2.28E-03	2.52E-03	1.08E-03
T[C>A]G	4.74E-04	1.42E-03	3.65E-04	5.06E-04	1.04E-03	6.10E-04	1.17E-03	9.19E-04	2.36E-04	1.28E-04
T[C>A]T	5.30E-04	1.78E-03	1.76E-03	3.93E-03	4.23E-03	1.35E-03	1.11E-03	2.17E-03	1.74E-03	3.06E-08
T[C>G]A	3.36E-03	5.99E-04	9.60E-04	8.03E-04	1.53E-03	7.81E-04	1.22E-03	6.59E-03	2.55E-03	3.41E-08
T[C>G]C	1.55E-03	1.11E-03	2.29E-03	8.41E-04	2.28E-03	1.79E-03	2.36E-03	2.54E-03	1.04E-03	6.87E-05
T[C>G]G	5.00E-04	5.98E-05	3.85E-04	8.20E-04	3.34E-04	1.14E-04	2.12E-04	6.83E-04	5.83E-04	3.01E-08
T[C>G]T	3.18E-03	8.22E-04	2.11E-03	1.93E-03	2.54E-03	1.87E-03	3.46E-03	5.49E-03	1.38E-03	7.30E-04
T[C>T]A	3.95E-03	1.30E-03	3.80E-03	1.97E-03	2.88E-03	2.38E-03	2.68E-03	6.34E-03	2.57E-03	1.94E-03
T[C>T]C	1.40E-03	8.74E-04	2.47E-03	3.49E-03	2.46E-03	2.64E-03	2.20E-03	2.65E-03	3.75E-03	1.38E-03
T[C>T]G	1.60E-03	1.66E-03	3.03E-03	3.58E-03	2.85E-03	3.24E-03	1.95E-03	2.84E-03	2.09E-03	2.05E-04
T[C>T]T	2.44E-03	1.44E-03	3.99E-03	1.92E-03	1.51E-03	2.78E-03	2.17E-03	5.36E-03	2.09E-03	1.53E-03
T[T>A]A	3.90E-05	6.71E-04	5.35E-04	5.11E-04	4.93E-04	3.77E-04	3.09E-04	4.73E-04	1.04E-03	2.94E-04
T[T>A]C	2.09E-08	5.51E-04	1.28E-03	1.19E-03	1.48E-03	8.56E-04	7.28E-04	1.04E-03	6.81E-04	2.95E-08
T[T>A]G	1.03E-04	2.86E-04	4.45E-04	4.19E-04	4.11E-04	5.26E-04	5.22E-04	8.46E-04	3.23E-04	2.16E-08
T[T>A]T	3.39E-08	1.26E-04	2.34E-04	3.81E-04	2.58E-04	1.37E-04	6.33E-04	4.97E-04	4.22E-04	1.31E-04
T[T>C]A	2.68E-08	6.29E-04	8.97E-04	2.82E-04	3.71E-04	3.97E-04	4.48E-04	3.62E-04	6.72E-04	9.47E-04
T[T>C]C	5.17E-04	8.43E-04	1.34E-03	6.50E-04	8.62E-04	8.03E-04	3.31E-04	1.42E-03	7.70E-04	1.25E-03
T[T>C]G	1.25E-04	1.62E-04	7.97E-04	7.82E-04	3.37E-04	3.02E-04	1.16E-03	2.82E-04	6.07E-04	2.20E-04
T[T>C]T	1.98E-08	7.93E-04	1.15E-03	5.22E-04	1.21E-03	1.03E-03	1.00E-03	6.14E-04	1.48E-03	3.26E-08
T[T>G]A	2.67E-08	8.82E-05	3.38E-04	2.51E-04	7.39E-04	5.66E-04	1.58E-04	3.73E-04	2.37E-04	3.70E-04
T[T>G]C	1.34E-04	1.24E-04	5.57E-04	6.15E-04	6.04E-04	1.17E-03	5.61E-04	5.14E-04	6.63E-04	1.13E-03
T[T>G]G	2.46E-08	2.31E-04	4.09E-04	2.91E-04	3.04E-04	2.84E-04	1.14E-07	2.21E-04	4.93E-04	2.78E-08
T[T>G]T	2.21E-08	6.81E-05	3.52E-04	3.14E-04	8.47E-04	5.52E-04	5.86E-04	3.03E-04	1.03E-03	3.62E-03
