NMF_Replicate	L1	L1 %	L2	L2 %	KL Divergence	Correlation	Convergence Iterations
1	148.505	56.177	22.029	45.134	0.348	0.813	50000.0
2	147.915	56.696	22.149	45.759	0.354	0.805	50000.0
3	145.25	54.944	21.72	44.871	0.339	0.812	80000.0
4	145.379	55.546	21.767	44.895	0.345	0.816	60000.0
5	146.597	56.01	22.058	45.154	0.346	0.813	50000.0
6	146.925	55.837	21.849	45.124	0.342	0.813	70000.0
7	147.941	56.245	22.119	45.625	0.349	0.807	100000.0
8	146.719	56.335	21.884	45.274	0.354	0.809	50000.0
9	145.063	55.906	21.751	45.44	0.349	0.806	130000.0
10	145.727	55.348	21.87	45.067	0.339	0.812	50000.0
11	146.785	55.95	22.007	45.223	0.349	0.811	70000.0
12	146.923	55.928	21.97	45.303	0.35	0.808	110000.0
13	147.222	55.562	21.917	44.866	0.343	0.814	50000.0
14	146.568	56.281	21.957	45.295	0.35	0.806	70000.0
15	146.819	55.764	21.888	44.904	0.342	0.814	110000.0
16	145.943	55.877	21.855	45.433	0.348	0.806	50000.0
17	147.197	56.135	22.124	45.223	0.347	0.813	80000.0
18	146.861	55.517	22.09	45.153	0.341	0.815	70000.0
19	144.987	55.238	22.14	45.311	0.34	0.811	90000.0
20	146.27	55.285	21.949	44.991	0.344	0.814	40000.0
21	145.783	55.258	21.729	44.552	0.341	0.817	70000.0
22	145.396	55.853	21.658	44.694	0.352	0.815	100000.0
23	147.001	55.79	22.042	45.059	0.344	0.814	70000.0
24	147.975	55.908	22.217	45.559	0.348	0.809	120000.0
25	147.855	55.555	22.105	45.166	0.336	0.814	50000.0
26	147.668	55.702	21.97	45.139	0.349	0.81	90000.0
27	146.422	55.81	21.921	45.33	0.342	0.81	50000.0
28	146.358	55.277	21.7	44.57	0.341	0.818	60000.0
29	148.99	56.736	22.263	45.648	0.35	0.806	90000.0
30	147.364	56.091	22.116	45.511	0.348	0.807	50000.0
31	147.326	55.478	22.203	44.916	0.336	0.817	120000.0
32	146.722	55.631	21.99	45.161	0.348	0.811	70000.0
33	145.665	56.291	21.664	45.305	0.351	0.806	70000.0
34	144.706	55.446	21.682	44.73	0.343	0.816	90000.0
35	145.971	54.821	21.623	44.641	0.337	0.815	80000.0
36	145.766	55.526	21.808	44.791	0.345	0.815	40000.0
37	146.944	55.791	22.022	45.421	0.35	0.808	70000.0
38	147.345	55.281	22.245	44.89	0.338	0.817	60000.0
39	145.932	55.722	21.853	45.441	0.342	0.809	60000.0
40	147.926	55.784	22.113	45.127	0.342	0.815	50000.0
41	148.776	56.101	22.233	45.247	0.343	0.814	50000.0
42	148.224	56.497	22.193	45.615	0.349	0.808	90000.0
43	146.718	55.981	21.871	45.23	0.346	0.811	50000.0
44	148.311	55.674	22.035	45.184	0.341	0.811	70000.0
45	146.099	55.862	21.827	45.106	0.344	0.812	190000.0
46	146.224	56.094	21.861	45.265	0.351	0.808	70000.0
47	146.659	55.61	22.084	45.345	0.346	0.81	70000.0
48	145.983	55.579	21.986	44.966	0.344	0.813	80000.0
49	146.173	55.881	21.858	45.296	0.346	0.808	60000.0
50	147.862	56.059	22.267	45.745	0.349	0.804	40000.0
51	147.611	55.415	21.87	44.696	0.341	0.817	70000.0
52	148.405	56.336	22.085	45.622	0.349	0.806	50000.0
53	146.596	55.355	21.812	44.907	0.339	0.814	110000.0
54	145.796	55.404	21.925	44.915	0.347	0.813	80000.0
55	147.349	56.195	22.004	45.148	0.347	0.814	50000.0
56	145.09	55.192	21.644	44.704	0.341	0.815	60000.0
57	144.834	55.773	21.757	45.153	0.352	0.808	40000.0
58	146.176	55.696	21.806	45.125	0.345	0.811	80000.0
59	147.854	56.066	22.221	45.889	0.345	0.806	50000.0
60	145.671	55.65	21.951	45.048	0.346	0.813	90000.0
61	147.598	55.837	21.984	44.858	0.345	0.817	80000.0
62	145.25	55.349	21.728	44.946	0.343	0.813	120000.0
63	147.732	56.162	22.177	45.349	0.347	0.81	100000.0
64	147.675	55.974	22.02	45.115	0.351	0.813	40000.0
65	146.054	56.05	21.916	45.013	0.348	0.813	70000.0
66	147.396	55.354	22.201	45.207	0.336	0.813	40000.0
67	147.424	55.827	22.138	45.089	0.348	0.813	80000.0
68	146.76	55.844	21.948	45.022	0.346	0.812	60000.0
69	145.054	56.296	21.648	45.201	0.36	0.806	130000.0
70	147.533	56.066	21.926	45.255	0.343	0.812	80000.0
71	147.741	56.063	21.967	45.078	0.343	0.814	60000.0
72	145.131	55.749	21.889	45.041	0.349	0.813	60000.0
73	145.954	55.924	21.805	45.068	0.347	0.812	80000.0
74	146.689	56.258	21.786	45.219	0.351	0.807	160000.0
75	147.242	56.031	22.042	45.558	0.345	0.806	60000.0
76	144.537	55.236	21.652	44.748	0.346	0.812	60000.0
77	148.533	56.112	22.28	45.503	0.35	0.811	120000.0
78	147.086	55.887	21.76	44.799	0.346	0.815	60000.0
79	147.222	55.834	21.791	44.956	0.345	0.812	50000.0
80	146.526	54.803	22.025	44.618	0.337	0.818	60000.0
81	144.772	55.504	21.434	44.494	0.342	0.815	60000.0
82	147.04	56.159	22.056	45.402	0.349	0.81	80000.0
83	149.226	56.332	22.604	45.69	0.347	0.81	110000.0
84	147.126	55.411	22.099	44.902	0.341	0.815	50000.0
85	145.603	55.407	21.773	44.835	0.344	0.815	70000.0
86	146.708	55.866	21.868	45.17	0.348	0.81	70000.0
87	145.112	54.869	21.632	44.321	0.335	0.818	60000.0
88	145.87	55.679	21.92	44.856	0.344	0.815	110000.0
89	147.127	55.855	22.01	45.06	0.341	0.814	60000.0
90	147.535	55.983	22.312	45.464	0.342	0.809	60000.0
91	145.601	55.374	21.838	44.925	0.34	0.812	80000.0
92	146.313	55.775	21.691	44.951	0.345	0.813	90000.0
93	148.293	55.979	22.087	45.583	0.346	0.807	100000.0
94	145.002	55.461	21.591	44.847	0.342	0.814	80000.0
95	147.439	55.587	22.217	45.197	0.341	0.813	60000.0
96	146.728	55.942	21.964	45.226	0.349	0.809	70000.0
97	144.972	55.082	21.663	44.42	0.338	0.819	100000.0
98	145.11	55.5	21.796	44.976	0.347	0.813	60000.0
99	147.121	55.992	22.058	45.114	0.349	0.815	80000.0
100	147.557	56.273	22.231	45.846	0.344	0.804	90000.0
