NMF_Replicate	L1	L1 %	L2	L2 %	KL Divergence	Correlation	Convergence Iterations
1	14.507	108.064	4.506	68.505	1.105	0.673	30000.0
2	13.878	101.451	4.247	63.986	1.033	0.725	20000.0
3	14.393	108.485	4.456	68.48	1.092	0.682	30000.0
4	14.434	109.253	4.387	69.28	1.11	0.672	30000.0
5	14.683	108.58	4.506	68.921	1.093	0.673	20000.0
6	14.788	111.976	4.501	71.323	1.155	0.642	20000.0
7	14.742	111.197	4.54	70.068	1.188	0.643	30000.0
8	14.702	112.147	4.504	71.065	1.185	0.639	30000.0
9	14.187	107.808	4.327	68.348	1.157	0.656	30000.0
10	14.917	110.027	4.599	70.961	1.125	0.65	20000.0
11	14.295	107.114	4.431	67.478	1.126	0.685	40000.0
12	14.346	102.846	4.411	65.568	1.028	0.704	40000.0
13	14.333	105.683	4.401	67.334	1.116	0.682	30000.0
14	14.314	106.277	4.335	67.016	1.1	0.689	30000.0
15	14.42	108.803	4.488	69.903	1.086	0.665	20000.0
16	14.785	110.758	4.53	71.27	1.16	0.633	40000.0
17	14.997	110.283	4.64	69.419	1.127	0.664	30000.0
18	14.351	107.728	4.427	69.187	1.103	0.67	20000.0
19	14.215	105.799	4.459	68.114	1.082	0.677	20000.0
20	14.74	111.4	4.553	70.956	1.187	0.639	30000.0
21	14.638	107.497	4.426	67.591	1.086	0.694	30000.0
22	14.443	107.13	4.352	68.289	1.099	0.685	30000.0
23	14.404	110.477	4.323	69.461	1.162	0.657	20000.0
24	14.484	108.406	4.495	69.349	1.127	0.665	20000.0
25	14.416	107.133	4.372	67.987	1.128	0.68	30000.0
26	14.384	111.194	4.346	70.635	1.15	0.645	30000.0
27	15.127	112.75	4.584	71.776	1.198	0.636	20000.0
28	14.818	109.431	4.577	69.661	1.109	0.66	40000.0
29	14.285	110.367	4.502	70.46	1.146	0.651	60000.0
30	15.005	110.56	4.571	70.268	1.145	0.659	20000.0
31	14.89	111.146	4.78	71.687	1.133	0.645	20000.0
32	14.301	105.281	4.397	67.007	1.118	0.686	30000.0
33	14.627	108.675	4.519	69.997	1.108	0.657	40000.0
34	14.723	110.172	4.596	71.287	1.139	0.647	30000.0
35	14.942	110.991	4.48	70.098	1.134	0.658	20000.0
36	14.422	105.987	4.293	66.09	1.101	0.704	20000.0
37	13.734	103.457	4.131	66.473	1.149	0.681	40000.0
38	14.114	104.189	4.383	66.707	1.073	0.693	40000.0
39	14.65	107.239	4.391	66.979	1.128	0.692	30000.0
40	15.426	112.943	4.638	70.163	1.185	0.656	40000.0
41	15.66	116.385	4.791	74.056	1.283	0.601	40000.0
42	14.334	108.374	4.303	68.978	1.159	0.662	20000.0
43	14.723	110.591	4.524	70.221	1.195	0.647	20000.0
44	15.183	112.229	4.662	71.806	1.168	0.635	20000.0
45	14.684	109.351	4.565	68.98	1.132	0.67	30000.0
46	14.59	110.796	4.455	70.556	1.179	0.652	40000.0
47	15.01	110.597	4.436	69.533	1.185	0.66	20000.0
48	14.356	107.494	4.472	68.579	1.14	0.662	30000.0
49	14.683	107.556	4.553	68.525	1.119	0.682	50000.0
50	14.59	108.946	4.42	70.016	1.133	0.663	20000.0
51	14.257	105.605	4.374	68.215	1.11	0.683	20000.0
52	14.059	104.141	4.359	68.045	1.065	0.683	20000.0
53	14.377	105.896	4.461	67.06	1.096	0.699	30000.0
54	14.616	107.558	4.465	68.354	1.139	0.672	20000.0
55	14.248	108.572	4.396	69.537	1.143	0.657	20000.0
56	14.699	108.669	4.51	69.653	1.155	0.663	30000.0
57	14.469	105.973	4.574	69.1	1.115	0.668	30000.0
58	14.549	108.017	4.475	69.37	1.12	0.664	30000.0
59	14.481	106.115	4.427	66.8	1.086	0.693	30000.0
60	14.533	108.913	4.51	70.497	1.159	0.642	30000.0
61	14.35	105.229	4.378	66.971	1.087	0.697	20000.0
62	14.762	110.196	4.445	69.232	1.141	0.667	20000.0
63	14.823	107.981	4.519	69.966	1.102	0.658	20000.0
64	14.869	111.564	4.552	71.0	1.155	0.65	20000.0
65	14.533	107.051	4.538	67.808	1.101	0.685	50000.0
66	14.717	110.914	4.577	70.499	1.138	0.651	40000.0
67	15.0	109.353	4.61	70.129	1.104	0.658	30000.0
68	14.512	109.914	4.57	70.9	1.145	0.655	40000.0
69	14.492	108.281	4.541	69.066	1.094	0.673	40000.0
70	14.922	109.469	4.577	70.211	1.135	0.653	30000.0
71	14.57	109.89	4.462	70.502	1.135	0.646	20000.0
72	14.908	109.28	4.492	68.323	1.136	0.673	20000.0
73	14.022	104.403	4.383	66.592	1.084	0.693	30000.0
74	15.113	111.299	4.535	69.523	1.145	0.667	20000.0
75	15.356	112.094	4.606	70.059	1.169	0.659	40000.0
76	14.54	105.571	4.359	66.482	1.06	0.7	20000.0
77	14.425	109.371	4.377	69.466	1.168	0.652	40000.0
78	14.408	103.959	4.393	66.491	1.071	0.696	20000.0
79	14.759	109.48	4.545	69.193	1.114	0.673	30000.0
80	14.659	109.392	4.548	69.816	1.13	0.667	20000.0
81	14.444	108.515	4.467	69.161	1.143	0.661	20000.0
82	14.138	105.576	4.346	68.069	1.083	0.685	20000.0
83	14.426	107.186	4.275	66.376	1.133	0.694	30000.0
84	14.772	108.911	4.516	68.545	1.128	0.685	20000.0
85	14.555	108.554	4.391	67.745	1.127	0.683	30000.0
86	14.708	108.672	4.458	69.181	1.09	0.68	20000.0
87	14.914	110.663	4.687	70.838	1.131	0.653	30000.0
88	14.574	107.507	4.456	68.326	1.116	0.676	40000.0
89	14.453	111.319	4.374	71.082	1.2	0.632	20000.0
90	14.135	107.296	4.343	68.892	1.101	0.67	20000.0
91	14.464	109.055	4.415	69.455	1.119	0.663	30000.0
92	14.23	103.076	4.432	66.702	1.034	0.705	30000.0
93	14.784	111.239	4.541	70.778	1.189	0.642	20000.0
94	14.052	105.53	4.29	66.231	1.084	0.704	20000.0
95	14.786	110.699	4.515	69.85	1.163	0.663	20000.0
96	14.368	108.143	4.482	69.071	1.111	0.663	20000.0
97	14.205	106.858	4.402	68.006	1.089	0.681	30000.0
98	14.589	111.541	4.389	69.931	1.134	0.66	20000.0
99	14.805	111.135	4.578	72.24	1.192	0.635	20000.0
100	15.302	112.971	4.722	72.501	1.185	0.63	30000.0
