NMF_Replicate	L1	L1 %	L2	L2 %	KL Divergence	Correlation	Convergence Iterations
1	8.306	80.496	2.849	55.969	0.692	0.788	20000.0
2	9.507	96.22	3.219	62.653	0.901	0.706	20000.0
3	9.466	91.41	3.474	62.288	0.817	0.75	20000.0
4	10.163	97.532	3.337	63.026	0.888	0.706	20000.0
5	9.792	94.962	3.419	63.576	0.818	0.71	40000.0
6	8.8	81.338	3.025	55.748	0.725	0.79	30000.0
7	9.756	99.304	3.163	64.714	0.947	0.684	30000.0
8	8.753	90.172	3.144	62.557	0.828	0.727	70000.0
9	10.285	96.661	3.44	65.442	0.863	0.699	20000.0
10	9.83	96.313	3.33	64.267	0.893	0.691	30000.0
11	9.376	86.19	3.256	60.229	0.734	0.766	20000.0
12	10.081	88.675	3.265	60.714	0.73	0.749	40000.0
13	9.737	88.478	3.176	58.05	0.813	0.759	30000.0
14	9.658	85.085	3.347	59.051	0.728	0.791	20000.0
15	10.019	97.461	3.289	65.441	0.886	0.69	20000.0
16	9.655	97.185	3.314	63.546	0.909	0.705	30000.0
17	10.161	94.958	3.288	64.074	0.842	0.705	20000.0
18	10.771	102.853	3.562	66.603	0.968	0.681	20000.0
19	9.526	88.694	3.41	62.879	0.783	0.745	20000.0
20	8.039	79.22	2.752	52.022	0.715	0.817	20000.0
21	10.173	97.565	3.53	65.189	0.841	0.715	20000.0
22	10.287	93.484	3.34	64.427	0.843	0.731	20000.0
23	10.376	97.722	3.473	64.975	0.899	0.714	20000.0
24	8.731	86.608	2.994	58.755	0.806	0.757	20000.0
25	9.404	85.609	3.059	58.706	0.734	0.762	30000.0
26	10.524	92.899	3.601	63.795	0.799	0.745	40000.0
27	9.527	95.542	3.404	62.766	0.838	0.726	20000.0
28	9.611	94.797	3.26	63.254	0.893	0.72	20000.0
29	9.232	95.175	3.207	63.513	0.891	0.705	30000.0
30	8.85	82.843	3.236	58.223	0.724	0.77	20000.0
31	9.434	85.735	3.212	57.252	0.72	0.792	20000.0
32	9.011	90.374	2.9	56.397	0.843	0.754	30000.0
33	10.631	99.564	3.596	67.406	0.889	0.693	30000.0
34	9.352	90.162	3.232	60.147	0.778	0.751	30000.0
35	10.152	93.03	3.473	63.149	0.758	0.749	20000.0
36	9.85	95.758	3.247	64.314	0.912	0.692	20000.0
37	9.972	94.948	3.392	64.447	0.786	0.726	20000.0
38	9.333	89.596	3.246	61.333	0.822	0.728	50000.0
39	9.358	89.693	3.212	60.402	0.792	0.744	30000.0
40	8.873	84.377	3.216	58.977	0.651	0.782	50000.0
41	9.51	93.654	3.11	62.153	0.845	0.749	20000.0
42	9.643	95.724	3.215	62.852	0.912	0.693	30000.0
43	9.45	94.362	3.142	64.366	0.856	0.714	30000.0
44	10.553	96.115	3.547	64.714	0.822	0.719	20000.0
45	10.244	96.602	3.37	63.914	0.866	0.717	20000.0
46	9.782	88.882	3.386	60.318	0.781	0.763	20000.0
47	9.229	82.343	3.134	55.762	0.698	0.799	20000.0
48	9.958	97.808	3.337	64.423	0.926	0.699	30000.0
49	8.7	80.356	3.018	54.831	0.732	0.782	20000.0
50	10.161	90.583	3.274	61.517	0.787	0.748	20000.0
51	9.254	89.586	3.291	61.867	0.82	0.725	20000.0
52	10.709	98.601	3.464	64.368	0.858	0.714	20000.0
53	9.129	86.605	3.115	59.393	0.771	0.754	20000.0
54	9.283	91.445	3.339	61.176	0.847	0.741	40000.0
55	8.772	86.763	3.111	58.654	0.803	0.757	20000.0
56	10.16	93.914	3.615	64.226	0.739	0.745	30000.0
57	10.284	92.452	3.329	62.674	0.803	0.738	20000.0
58	9.64	86.134	3.318	59.219	0.725	0.771	40000.0
59	9.163	86.713	3.185	59.282	0.791	0.758	40000.0
60	9.465	92.944	3.282	64.096	0.86	0.718	40000.0
61	10.404	103.188	3.684	67.839	0.969	0.678	40000.0
62	9.975	95.027	3.326	60.938	0.95	0.719	50000.0
63	9.943	98.067	3.399	64.791	0.968	0.693	20000.0
64	9.494	94.267	3.128	62.96	0.827	0.714	30000.0
65	10.06	98.53	3.363	65.29	0.87	0.69	30000.0
66	8.448	86.489	2.953	58.486	0.72	0.765	20000.0
67	9.832	95.312	3.326	64.123	0.855	0.723	30000.0
68	9.285	92.015	3.137	61.058	0.867	0.751	20000.0
69	10.036	95.423	3.217	63.847	0.886	0.709	20000.0
70	10.536	97.291	3.403	63.784	0.825	0.74	30000.0
71	10.596	89.248	3.362	60.315	0.771	0.777	40000.0
72	9.861	95.443	3.296	64.76	0.845	0.715	20000.0
73	10.299	96.849	3.463	65.845	0.87	0.706	20000.0
74	9.196	97.783	3.438	65.646	0.883	0.686	20000.0
75	8.97	91.871	3.209	62.797	0.811	0.726	30000.0
76	10.637	97.244	3.534	65.145	0.883	0.71	20000.0
77	8.848	81.388	2.983	55.017	0.675	0.811	30000.0
78	10.155	97.07	3.396	64.014	0.876	0.73	30000.0
79	9.46	96.243	3.441	64.044	0.839	0.71	30000.0
80	9.678	93.113	3.4	61.065	0.86	0.724	20000.0
81	9.816	93.501	3.246	63.852	0.84	0.711	20000.0
82	9.283	89.05	3.045	58.781	0.803	0.749	20000.0
83	9.747	95.114	3.443	65.047	0.891	0.702	30000.0
84	8.76	92.701	3.115	61.099	0.878	0.72	20000.0
85	9.222	85.651	3.151	60.925	0.74	0.751	20000.0
86	10.425	97.41	3.335	64.939	0.834	0.722	30000.0
87	9.364	85.154	3.015	58.68	0.73	0.766	20000.0
88	9.59	91.011	3.337	62.528	0.843	0.73	40000.0
89	9.956	100.063	3.433	65.679	0.896	0.685	20000.0
90	11.173	100.674	3.738	67.558	0.919	0.703	20000.0
91	9.902	92.413	3.552	63.105	0.777	0.734	40000.0
92	10.259	95.945	3.436	61.386	0.894	0.718	20000.0
93	9.115	90.961	2.877	60.632	0.803	0.736	20000.0
94	9.65	93.721	3.071	60.269	0.876	0.738	30000.0
95	9.382	92.905	3.26	61.48	0.845	0.73	20000.0
96	9.864	92.083	3.323	60.652	0.809	0.736	20000.0
97	9.738	94.918	3.347	63.51	0.883	0.708	40000.0
98	9.066	84.72	3.045	57.039	0.695	0.79	30000.0
99	9.99	91.12	3.42	61.421	0.787	0.76	20000.0
100	8.991	91.009	3.127	60.091	0.828	0.735	40000.0
