MutationType	DBS78A	DBS78B	DBS78C	DBS78D	DBS78E	DBS78F	DBS78G	DBS78H	DBS78I
AC>CA	8.776317310548281e-05	7.606557920773017e-05	0.0008899436215358776	0.0003871781932963954	0.00023158390846564458	0.00023137742951803375	9.602974472272763e-05	0.00011911098777018606	0.0006221871828871466
AC>CG	8.771769711614235e-05	7.629167937139218e-05	0.0008967027814473631	0.00037622993610214356	0.00023205467265579926	0.00023185499164355862	9.629926149045786e-05	0.00017154920056840068	0.0006059538415798847
AC>CT	8.780630778214282e-05	7.631781572502937e-05	0.0008968633763915547	0.00042868602963648154	0.00023149496612195008	0.00023434842431015567	9.688437446584431e-05	9.665732646775742e-05	0.0006149001202660902
AC>GA	8.774493909302487e-05	7.602973167154724e-05	0.0008885984006679287	0.0003599816203659939	0.00023430342312767748	0.00023389889884128934	9.67004838412322e-05	0.00012257285295473767	0.000637692728134701
AC>GG	8.765330463685117e-05	7.632328489892138e-05	0.0008878164636688586	0.0003566090244419652	0.00023296276201499212	0.0002365916766120791	9.727461499551283e-05	0.00016935344154593633	0.0006274146051364713
AC>GT	8.763320204766811e-05	7.645497409374718e-05	0.0008952790490183	0.00034572067674698586	0.0002288664347910796	0.00023702546841377625	9.716800449950824e-05	0.00017402207902804504	0.0006365902103039709
AC>TA	8.7924896391685e-05	7.657037210689477e-05	0.0008868454733743519	0.00037091434543598946	0.00023439081994290235	0.0002334952166347648	9.66453186219951e-05	0.00010579165772192906	0.0005760745472110962
AC>TG	3.352154186212153e-05	1.320545649145075e-05	0.023477732805563242	0.009066981188232176	0.8886677632140126	0.00021872920056466527	0.03478646669770702	0.009979212884011514	0.039005037986490035
AC>TT	8.788659443291738e-05	7.628754402718387e-05	0.0008990829055851013	0.0003530224325504231	0.0002324593599781366	0.0002428924768901197	9.731143781664286e-05	0.00013293096125694285	0.0005772734985496021
AT>CA	8.770224966729145e-05	7.622236529106271e-05	0.0008947584100531347	0.0003555207945962056	0.00023200108874242177	0.00023447352990842773	9.722563943341811e-05	0.00014554086733670676	0.0006257423571580092
AT>CC	8.77970154072558e-05	7.607840087837608e-05	0.0008949606506607804	0.00039893609668129574	0.0002275481291482606	0.00023378404428513023	9.743351630731922e-05	0.0001591919008364688	0.0006040070502141635
AT>CG	8.770491196706207e-05	7.600848550891997e-05	0.0008951111842667789	0.00036128149509022535	0.0002325809322793049	0.00023149294014729094	9.703465238544595e-05	0.00016661472388263294	0.000625233340584494
AT>GA	8.77094177275411e-05	7.62596991454616e-05	0.000899631606862976	0.0003687514025806957	0.00023082027694146134	0.00023642534748432808	9.662215648404527e-05	0.00015188747003140043	0.0006228892828552959
AT>GC	8.775639202503036e-05	7.618161125672507e-05	0.0008929482976056757	0.00037724214316548296	0.00023069626730727323	0.00023294044542126357	9.73107557683761e-05	0.00011441296729823302	0.0006337281151801925
AT>TA	8.782061284240743e-05	7.618262672064158e-05	0.0008854719253215247	0.0003757313197926165	0.00023236869111338266	0.00023331507140028407	9.660577091835876e-05	0.00010543058488881716	0.0006247868205244886
CC>AA	1.5085218664658297e-05	0.9944365298748017	0.029503446139100848	0.11042639472095665	0.013512261772161171	0.027405820686121216	6.144868802453246e-05	0.024044480785997527	0.6383809608229579
CC>AG	8.779312550602683e-05	7.622578695864687e-05	0.00089827085477463	0.0003539370078415396	0.00023199658146225488	0.00023597123967192602	9.660319966769748e-05	0.00013029859485009102	0.0006015493054617297
CC>AT	8.774459203127503e-05	7.613510075619484e-05	0.0008998761824858459	0.0003656707301979338	0.00023492889967982933	0.00023863628743129084	9.656468344019232e-05	0.00016696428966661561	0.0006082727037390482
CC>GA	8.773886836154399e-05	7.600411768455897e-05	0.0008933974253173153	0.0003667472964774942	0.0002302398934772043	0.000233885835732508	9.687669072718564e-05	0.00015313970259900605	0.0006235125790675438
CC>GG	8.778941579452158e-05	7.6356824255391e-05	0.0008949268944128584	0.00035861124178510046	0.000230993255122236	0.00023621340489626163	9.60850429828497e-05	0.00010296668991923553	0.0006183031165184842
CC>GT	2.9375032088335023e-05	3.298339425589669e-05	0.3035491418332405	0.5943649197482962	0.0026404208080079523	0.002810614987490022	6.119974560419516e-05	0.0372642314708756	0.09885705485552573
CC>TA	8.76971258550131e-05	7.640368194830134e-05	0.0008866288048676751	0.00034883146719093505	0.0002305953953809947	0.00023304076352360426	9.675886503373476e-05	0.0001902272607902562	0.0005963246322246867
CC>TG	8.778294493244787e-05	7.638583805547519e-05	0.0009000788934282874	0.0003944861931691026	0.00023084247091272658	0.00024324869282281724	9.668703989063942e-05	9.543882490758337e-05	0.0006251135132142947
CC>TT	8.77333253102739e-05	7.605026326552547e-05	0.0008893781805063541	0.0003417892569308891	0.0002298972653218634	0.00023146497975176316	9.713746199395245e-05	0.00017869002213693753	0.0006180941107420129
CG>AT	8.770194387723324e-05	7.6405239078776e-05	0.0008879120812939519	0.0003546847360074191	0.00023385513053318264	0.00023501150506490375	9.695648615434039e-05	0.00019441776513138106	0.0006060579338355955
CG>GC	8.77582146887313e-05	7.61290686299317e-05	0.00089959846447474	0.0003640750506265817	0.00023033228384893077	0.00023275957304576877	9.6851456614786e-05	0.00015228314947215687	0.0006138099217154854
CG>GT	8.77902287873962e-05	7.640106675114194e-05	0.0008944688445344477	0.00037916018777977005	0.00023407286562015627	0.00023455753893358633	9.706567997909588e-05	9.490436817479107e-05	0.0006113868870345451
CG>TA	8.774397314660409e-05	7.588819605211212e-05	0.000893261955948324	0.00039486076821193593	0.00022992240591793945	0.00023395065243676073	9.712644011869998e-05	0.000135832201332321	0.000628521207855203
CG>TC	8.770495344135317e-05	7.639372200148174e-05	0.0008968949258801615	0.00037993592462668807	0.00023075820286013737	0.00023129816355321964	9.667888803505776e-05	0.0001837598675226202	0.000597831090811343
CG>TT	8.782183281017905e-05	7.631871040816148e-05	0.0008979667832932615	0.0003727442304042522	0.00023009953162755892	0.00023186429092675098	9.682308325409394e-05	0.00010072015499836245	0.0005991525177935026
CT>AA	8.778619937154404e-05	7.641795778414947e-05	0.0008860277220858502	0.0003623774462815009	0.00023276654715068901	0.00023563334169011797	9.714373932638409e-05	0.00010905044857664951	0.0006162098809791877
CT>AC	8.77378373895918e-05	7.628569083333565e-05	0.0008906526085802707	0.0003494418993996165	0.0002308302164172815	0.00023912063090392622	9.580589970482833e-05	0.00014069920919091382	0.0006125908596297643
CT>AG	8.778232187770508e-05	7.631857122691345e-05	0.0008890557556206219	0.0003761659364256146	0.0002311037067232391	0.00023542988942608644	9.707986002013059e-05	0.00014376370631894695	0.0006005785684874801
CT>GA	8.794579010475541e-05	7.625304353000602e-05	0.0008973891787186945	0.0003620876975927007	0.00022939038439233174	0.00023343767585174647	9.722767109906272e-05	8.438377627764852e-05	0.00059172528087441
CT>GC	8.773506063151265e-05	7.572011466795813e-05	0.0008922565470385044	0.00035414906285561194	0.0002338364163012585	0.00023279098297280143	9.721647762034991e-05	0.00015168515587470584	0.0006151062247550175
CT>GG	4.442061252654329e-05	3.529404501958122e-05	0.47451659638881083	0.017595807860798014	0.009828689985163567	0.005174061951660374	7.248732783725051e-05	0.010034803555722909	0.005376795186005474
CT>TA	2.9801127309876913e-05	1.1034570764992535e-05	0.0004612229102276489	0.03749170005026462	0.05463258635468984	0.8881194753210364	0.024857290125280325	3.589045484835602e-05	0.0001107990381680646
CT>TC	1.5619254044501978e-05	1.4024909911453093e-05	0.00030843224405114104	0.010050980370337952	5.11615023533577e-05	6.197813974591639e-05	0.9332338923215866	0.019806957648177987	0.0005578847420247355
CT>TG	8.782001193272923e-05	7.631088019075574e-05	0.0008929015651898024	0.00034925882361961687	0.00023142923442584618	0.00023751909197017085	9.653013501065288e-05	0.00015437998485565718	0.0005931731167504142
GC>AA	0.9936013919115066	4.5480476798892494e-05	0.10477381083152185	0.19495804749624995	0.014213290861191032	0.059518573500051346	5.692267839328139e-05	0.8888299134549686	0.17415357251679456
GC>AG	8.786974764250492e-05	7.640390005407942e-05	0.0009013074777660879	0.00036145876634552225	0.0002315400005062962	0.00024247057150205364	9.705787513212272e-05	9.253241567189674e-05	0.0005987924837457045
GC>AT	8.788451297124589e-05	7.63346663361487e-05	0.0008837613151021419	0.00039963563400943384	0.0002327145297601163	0.00023487255102736527	9.689235782843753e-05	8.161187651919752e-05	0.0006140904363245804
GC>CA	8.770252204272256e-05	7.63616515454877e-05	0.0009037017299655524	0.0003425205621674767	0.00023270887787901984	0.000230135367528419	9.623641908092395e-05	0.00017985569642160732	0.0006020685847406967
GC>CG	8.776120823755958e-05	7.634779167715369e-05	0.0008919923408240076	0.0003475809050259202	0.00023249715038613063	0.00023598064115731176	9.740895020058815e-05	0.00012811069126171998	0.0006199918251826477
GC>TA	8.77160300098201e-05	7.642033793529555e-05	0.0008893203839176192	0.0003430700617441283	0.00023181428461111153	0.000239234535547439	9.710485413506831e-05	0.0002062121543683909	0.0005957969019963053
TA>AT	8.774906658393002e-05	7.646667288762763e-05	0.0008893603499090666	0.0003612814847006559	0.00023149030182862518	0.00023474188967156806	9.707176791835082e-05	0.00013313899542556705	0.0006163765906780033
TA>CG	8.769273351991526e-05	7.62032166283708e-05	0.0008998769798068987	0.00032714484777474003	0.0002306807327170901	0.0002355280931442394	9.665209857757873e-05	0.00020339979280796627	0.0006042704564546689
TA>CT	8.775986691740567e-05	7.636935110750654e-05	0.0008924767573623609	0.0003685022152468977	0.00023036400085405973	0.0002354486168405856	9.71712778436995e-05	0.0001276712362028755	0.0006153421144674241
TA>GC	8.789534728494846e-05	7.61018357652719e-05	0.0008916460537479927	0.00038231865698071693	0.0002292003263779918	0.0002348497175634634	9.606575171346777e-05	0.00011232900623010575	0.0005937162167767858
TA>GG	8.768788562353119e-05	7.637688529137198e-05	0.0008962042126316925	0.0003598392042651896	0.00022932580550701686	0.00023209862754811184	9.627352373627218e-05	0.00016737800467090107	0.0006101473461683979
TA>GT	8.77629580880774e-05	7.604954425055173e-05	0.0008968884149930517	0.0003791961965532771	0.00023001281406667573	0.00022946948206422846	9.675205859366543e-05	0.00015159773733069612	0.0006120962506327753
TC>AA	8.763566238533741e-05	7.604138737286877e-05	0.0008913978715400341	0.0003832473795033007	0.00023335111451892488	0.00023143002286815317	9.629702511574578e-05	0.00018976330350040256	0.0006267387562670819
TC>AG	8.774808452912091e-05	7.591395569058975e-05	0.0008878536363066267	0.0003583970735078944	0.0002372441267565506	0.00024317943780260975	9.703961877221445e-05	0.00013178410759956137	0.0006213556888883636
TC>AT	8.770886601271351e-05	7.57854280130497e-05	0.0008874953319725134	0.0003560492825231308	0.00023224180294629805	0.00023295353289086052	9.73117164494397e-05	0.0001778649422826982	0.0006249712109567811
TC>CA	8.776079352659815e-05	7.625093203042869e-05	0.000897055557068486	0.00037299444901483446	0.00022771661039680424	0.0002428151888670982	9.662404466780572e-05	0.0001566682184000407	0.0006244159041759351
TC>CG	8.782694670679261e-05	7.58982365182777e-05	0.000899594008146224	0.00036533664191783737	0.00023093418980675296	0.00023489824723583298	9.706352269404305e-05	0.00011193872495006075	0.0006141809327816967
TC>CT	8.774268964908686e-05	7.606889335868368e-05	0.0008871035375762982	0.0003780137701134782	0.0002316928837971588	0.0002341804782008694	9.664148593856226e-05	0.00012521064533132584	0.0006290926536783478
TC>GA	8.776128349159675e-05	7.626723771869451e-05	0.0008863129287659974	0.00036013383244202954	0.00023184478087442172	0.00023912084216135555	9.651340310938394e-05	0.00014008495211190829	0.0006128598979325671
TC>GG	8.780569780441485e-05	7.585868784233091e-05	0.0008858228396041204	0.0003688635416520405	0.00023172248581172284	0.00023860651813379264	9.583476908574084e-05	9.969608620699052e-05	0.0006306452715903282
TC>GT	8.779227484483256e-05	7.631012933555685e-05	0.0008986837089746327	0.00038529084301985726	0.00023290689674194454	0.00023074607357557398	9.575853576734516e-05	0.000108074571809038	0.0006152298704783527
TG>AA	8.772094170602138e-05	7.626354199153164e-05	0.0008913179394630911	0.00036480910518693025	0.0002323778453547476	0.00023261157164597535	9.639449446240178e-05	0.00013591444352508683	0.000624190703734251
TG>AC	8.778353583456535e-05	7.647048792582456e-05	0.0008978743651080589	0.00036841319828224804	0.00023219202242643177	0.000236211611845647	9.707074524612835e-05	0.000174643234919985	0.0005778650162736469
TG>AT	8.777363732396696e-05	7.592564402495933e-05	0.0008979236327336167	0.00036927532931342794	0.0002315389020456138	0.00024213047394368913	9.695246324099571e-05	0.00014777403062772186	0.0006145210646230943
TG>CA	8.742054149116274e-05	7.6404766637134e-05	0.0008923281536528567	0.0003675000994408372	0.000234990150672445	0.00023057342355969012	9.588585087385581e-05	0.0003509687846759501	0.0006075510185772613
TG>CC	8.780934893575506e-05	7.639748034445817e-05	0.0008969332740562322	0.00039412826954230985	0.0002311084287366505	0.00023510318089392968	9.745212569669093e-05	0.00012441702440820103	0.0005974539220399818
TG>CT	8.783110894412714e-05	7.648320376382048e-05	0.0008928236169961232	0.0003504179782911197	0.00023368607048521284	0.00023900040680018719	9.704134364710626e-05	8.316087145605785e-05	0.0006078489977196172
TG>GA	8.778375993245244e-05	7.62450376241599e-05	0.0008841527030095013	0.00034666266600587206	0.00023358948202034213	0.00023645338809728854	9.650152012454782e-05	0.00011938589735474483	0.0006149414684099804
TG>GC	8.770195871333663e-05	7.644560283767806e-05	0.0008918779092095302	0.00037169148578211934	0.00022991491835206546	0.0002347712740083807	9.673432628460433e-05	0.00013028360025571623	0.0006269264125487206
TG>GT	8.78062632633338e-05	7.582149126688793e-05	0.000895671710481053	0.00036777155354476094	0.00023496923340367458	0.00023456704720956623	9.63020554945615e-05	0.00010493923681104029	0.0006317974622908619
TT>AA	8.777593744876295e-05	7.616791419313431e-05	0.0008865717498775005	0.0003832133009885266	0.00023048562248067838	0.00023070171893778093	9.602724101341664e-05	0.0001263929408382129	0.0006211266897462321
TT>AC	8.762323197754818e-05	7.629965902526598e-05	0.000891962417722519	0.00036308487513811373	0.00023176611240039336	0.00023324558958847774	9.686454749953555e-05	0.0002291613205567068	0.0006032431858781594
TT>AG	8.789411129898765e-05	7.586518551653485e-05	0.0008887360904371691	0.00034253880609643876	0.00023347253889852482	0.00023317738276091405	9.631873662783618e-05	0.00012562859372888956	0.0005891371841086215
TT>CA	8.76930705267724e-05	7.639333759378904e-05	0.0008988942949773844	0.00038374641051281826	0.00023047652264555297	0.00023371280123683392	9.697282649995031e-05	0.00013541956327765196	0.0006230124752581792
TT>CC	8.77463691862205e-05	7.63208389510689e-05	0.0008902179350288586	0.0003807960504934863	0.00023434718042803838	0.00023396372895604145	9.694115422007599e-05	0.00010124942251735875	0.0006366827010408149
TT>CG	8.765850051772946e-05	7.645747808209319e-05	0.0008967114731337801	0.0003558658699867865	0.0002300012071798818	0.00023386338703858202	9.642588592669199e-05	0.00017791627355427864	0.0006246781654715133
TT>GA	8.790178198128006e-05	7.658641362679524e-05	0.0008925616317814352	0.0003558997475619204	0.000232868101765078	0.0002340963139431551	9.755472608503623e-05	8.817115817248134e-05	0.0005870105839002102
TT>GC	8.769941354072799e-05	7.611746259989032e-05	0.0008947646469274115	0.0003690184181436221	0.00023032041987438133	0.00023766914506268222	9.666098466823314e-05	0.00011856665588404532	0.0006490074399939968
TT>GG	8.776428410696511e-05	7.625367328446068e-05	0.0008852576903060682	0.0003648021881354973	0.0002312065227814486	0.00023607645260199207	9.647669564856187e-05	0.00010684109832247127	0.0006270460688105655
