Samples	SBS96A	SBS96B	SBS96C	SBS96D	SBS96E	SBS96F	SBS96G	SBS96H	SBS96I	SBS96J
TCGA_38_4625_01A	357	0	82	68	138	22	0	0	5	0
TCGA_38_4626_01A	26	71	109	0	11	0	52	0	0	0
TCGA_38_4627_01A	0	0	0	13	3	0	0	0	12	0
TCGA_38_4631_01A	176	0	267	126	8	262	10	0	0	0
TCGA_38_7271_01A	0	0	39	0	25	0	0	0	0	0
TCGA_44_2655_01A	29	79	56	0	12	0	2	0	0	4
TCGA_44_2657_01A	212	0	45	37	38	0	100	2	31	0
TCGA_44_2659_01A	214	75	68	0	12	0	0	9	33	52
TCGA_44_3396_01A	0	4	22	0	89	30	0	0	29	45
TCGA_44_3917_01A	35	43	27	20	17	0	32	68	7	5
TCGA_44_3918_01A	697	0	0	0	92	143	103	30	22	0
TCGA_44_4112_01A	125	0	127	145	95	0	0	16	0	0
TCGA_44_5644_01A	231	0	198	186	33	258	75	0	43	20
TCGA_44_6145_01A	247	0	2	0	2	0	0	12	12	71
TCGA_44_6147_01A	2	15	64	0	1	46	0	2	0	0
TCGA_44_6774_01A	61	144	32	0	0	48	40	0	1	0
TCGA_44_6775_01A	0	0	0	0	5	20	0	0	9	38
TCGA_44_6776_01A	75	73	1	0	9	0	0	47	10	0
TCGA_44_6779_01A	19	0	0	0	2	28	0	30	28	0
TCGA_44_7661_01A	32	0	35	103	48	34	0	24	9	4
TCGA_44_7667_01A	0	68	302	0	14	6	59	19	53	18
TCGA_44_7670_01A	395	380	91	0	160	0	49	138	18	0
TCGA_44_7672_01A	15	0	36	56	3	45	29	0	4	0
TCGA_44_8117_01A	413	71	106	70	22	0	124	16	45	0
TCGA_44_A47G_01A	0	1	0	0	13	11	0	54	5	0
TCGA_44_A4SU_01A	0	50	2	28	0	0	47	26	18	0
TCGA_49_4487_01A	54	63	43	0	47	0	177	0	4	0
TCGA_49_4488_01A	72	34	84	91	24	0	0	0	1	10
TCGA_49_4490_01A	0	0	0	0	18	0	15	0	21	0
TCGA_49_4505_01A	17	0	149	0	22	0	5	0	40	12
TCGA_49_4506_01A	36	0	0	31	3	3	3	0	17	28
TCGA_49_4507_01A	6	21	39	0	50	62	0	28	24	0
TCGA_49_6744_01A	0	115	50	11	3	15	22	24	0	0
TCGA_49_6761_01A	21	0	0	34	68	0	0	10	14	58
TCGA_49_6767_01A	45	271	0	70	36	52	26	0	28	8
TCGA_50_5051_01A	31	0	28	0	6	36	0	0	15	4
TCGA_50_5941_01A	66	96	82	66	20	0	34	46	10	0
TCGA_50_5942_01A	0	0	22	0	0	0	4	15	3	21
TCGA_50_6590_01A	209	0	73	316	174	0	209	0	0	0
TCGA_50_6592_01A	0	0	62	52	50	0	58	68	8	27
TCGA_50_6593_01A	112	22	1	47	7	4	127	15	13	0
TCGA_50_6595_01A	0	2	0	0	20	0	7	62	2	0
TCGA_53_7624_01A	174	77	0	168	151	105	129	82	17	0
TCGA_53_7813_01A	0	50	0	71	0	0	38	0	18	0
TCGA_55_6543_01A	0	0	0	0	0	0	1	5	15	0
TCGA_55_6970_01A	25	10	29	1	6	27	28	3	11	48
TCGA_55_6971_01A	0	7	0	25	3	0	39	5	0	13
TCGA_55_6979_01A	5	14	38	0	41	0	21	0	6	0
TCGA_55_6981_01A	0	0	0	0	5	0	0	26	24	0
TCGA_55_6985_01A	264	0	0	44	0	37	20	28	12	104
TCGA_55_7281_01A	0	272	22	0	32	0	36	123	12	0
TCGA_55_7573_01A	0	7	0	0	4	14	0	3	0	29
TCGA_55_7574_01A	30	0	0	0	118	14	91	31	0	0
TCGA_55_7725_01A	0	0	84	31	0	9	18	2	13	0
TCGA_55_7726_01A	0	0	0	24	77	0	0	0	21	0
TCGA_55_7728_01A	0	62	0	24	1	8	0	0	13	0
TCGA_55_7911_01A	0	68	64	0	16	16	37	51	9	0
TCGA_55_7914_01A	0	20	36	54	22	0	0	34	38	0
TCGA_55_7995_01A	155	0	197	0	76	0	66	0	0	260
TCGA_55_8096_01A	47	0	37	0	5	6	15	40	17	0
TCGA_55_8097_01A	26	2	0	0	8	0	0	28	35	23
TCGA_55_8203_01A	76	81	94	148	0	0	37	0	44	0
TCGA_55_8208_01A	20	0	9	0	179	0	91	0	5	83
TCGA_55_8299_01A	0	110	0	0	2	18	33	0	5	67
TCGA_55_8506_01A	444	388	0	200	0	115	0	0	647	103
TCGA_55_8510_01A	12	142	47	71	25	43	0	12	7	0
TCGA_55_8511_01A	269	63	0	7	68	43	0	87	32	72
TCGA_55_8616_01A	0	327	173	57	22	0	11	0	38	0
TCGA_55_A48X_01A	110	172	39	47	23	0	0	64	3	0
TCGA_55_A48Z_01A	0	0	0	0	1	4	0	0	14	45
TCGA_55_A492_01A	45	47	0	17	10	194	0	0	19	0
TCGA_55_A493_01A	21	0	39	77	72	103	0	24	10	0
TCGA_55_A494_01A	49	0	139	0	7	0	11	13	53	0
TCGA_62_A46O_01A	362	155	0	0	143	0	74	0	23	282
TCGA_62_A46R_01A	0	42	0	37	25	4	0	0	26	55
TCGA_64_1679_01A	144	0	224	0	37	102	46	0	13	0
TCGA_64_1681_01A	0	0	0	0	17	0	0	31	3	33
TCGA_64_5781_01A	180	50	518	0	111	93	0	122	16	143
TCGA_67_3770_01A	50	0	80	47	0	0	2	45	17	0
TCGA_67_3774_01A	0	0	15	38	1	4	24	0	7	33
TCGA_67_6217_01A	81	45	0	0	4	0	0	72	10	0
TCGA_69_7973_01A	95	0	49	0	5	105	0	0	24	0
TCGA_69_7974_01A	179	59	114	0	26	0	153	0	41	0
TCGA_69_7979_01A	531	635	207	150	86	0	0	0	68	0
TCGA_69_7980_01A	241	208	0	110	191	17	148	0	26	0
TCGA_73_4662_01A	0	89	49	0	14	17	54	0	9	0
TCGA_73_4666_01A	95	6	24	173	18	32	0	53	9	0
TCGA_73_4670_01A	76	12	0	38	5	101	0	136	10	13
TCGA_73_7498_01A	0	57	0	0	0	0	18	40	15	0
TCGA_78_7145_01A	8	0	112	47	8	0	0	29	15	0
TCGA_78_7146_01A	59	0	0	0	99	222	0	6	34	0
TCGA_78_7147_01A	6	29	0	167	45	0	0	17	15	108
TCGA_78_7153_01A	0	0	0	0	28	31	28	19	20	0
TCGA_78_7158_01A	65	18	19	0	32	33	0	13	11	75
TCGA_78_7159_01A	70	0	14	88	5	123	0	0	30	0
TCGA_78_7161_01A	0	129	0	19	10	13	9	0	16	13
TCGA_78_7220_01A	0	215	191	143	116	80	23	194	0	0
TCGA_83_5908_01A	43	0	37	80	104	0	0	0	8	0
TCGA_86_6851_01A	0	258	212	80	96	93	226	0	0	0
TCGA_86_7954_01A	0	0	73	0	41	0	0	0	31	98
TCGA_86_8056_01A	0	32	37	0	154	0	0	51	23	0
TCGA_86_8074_01A	5	0	0	0	3	0	0	57	7	0
TCGA_91_6830_01A	1	0	2	29	191	0	0	28	1	0
TCGA_91_6836_01A	117	119	15	0	14	86	0	74	18	56
TCGA_91_6840_01A	0	0	0	0	86	10	0	0	22	26
TCGA_91_6847_01A	0	0	15	0	18	0	0	24	35	0
TCGA_95_7039_01A	28	669	0	280	47	283	0	0	27	58
TCGA_95_7043_01A	446	174	90	10	49	232	31	93	30	0
TCGA_95_7948_01A	0	0	0	0	151	0	0	0	11	0
TCGA_95_A4VK_01A	141	0	7	0	2	73	0	62	24	0
TCGA_95_A4VN_01A	107	0	245	73	34	63	0	9	22	18
TCGA_95_A4VP_01A	0	60	0	56	0	0	21	0	11	0
TCGA_97_7547_01A	13	0	0	125	45	0	0	0	15	0
TCGA_97_7553_01A	1	11	0	0	2	0	0	12	19	2
TCGA_97_7941_01A	18	32	0	0	15	0	0	0	7	25
TCGA_97_8175_01A	0	0	0	0	2	13	0	12	3	0
TCGA_97_A4M0_01A	105	32	33	20	76	134	17	0	0	49
TCGA_97_A4M1_01A	0	0	9	0	14	0	5	0	19	0
TCGA_97_A4M3_01A	120	0	0	0	33	59	0	0	16	13
TCGA_99_7458_01A	32	220	66	52	2	60	3	27	6	48
TCGA_J2_8194_01A	0	0	2	0	6	78	49	6	25	0
TCGA_J2_A4AD_01A	38	0	0	0	165	0	159	0	19	0
TCGA_J2_A4AG_01A	0	8	27	0	5	12	0	24	20	0
TCGA_L4_A4E5_01A	134	79	0	51	8	74	8	29	13	0
TCGA_L9_A443_01A	57	0	96	5	8	0	77	10	8	31
TCGA_L9_A444_01A	28	144	368	65	10	0	0	8	20	0
TCGA_MP_A4T4_01A	0	131	137	73	21	0	0	0	16	65
TCGA_MP_A4T9_01A	0	0	0	0	5	0	33	4	0	0
TCGA_MP_A4TF_01A	226	0	0	102	15	0	29	121	3	1
TCGA_MP_A4TH_01A	0	0	12	0	0	76	0	25	18	0
TCGA_NJ_A4YQ_01A	406	178	138	110	2	333	113	0	18	0
TCGA_NJ_A55O_01A	52	38	0	22	7	36	0	0	8	0
TCGA_O1_A52J_01A	25	65	23	0	8	40	19	0	19	0
