NMF_Replicate	L1	L1 %	L2	L2 %	KL Divergence	Correlation	Convergence Iterations
1	11.073	81.29	3.492	54.859	0.749	0.786	30000.0
2	11.006	82.263	3.48	55.52	0.776	0.782	30000.0
3	10.686	78.865	3.387	53.263	0.726	0.807	20000.0
4	10.97	80.781	3.399	54.401	0.73	0.798	30000.0
5	12.026	88.276	3.815	58.651	0.803	0.774	20000.0
6	11.632	83.161	3.646	57.396	0.8	0.763	30000.0
7	11.421	81.137	3.644	55.737	0.768	0.778	20000.0
8	12.061	90.79	3.947	62.437	0.812	0.735	30000.0
9	11.884	86.02	3.797	58.623	0.771	0.762	30000.0
10	11.254	78.22	3.537	54.064	0.737	0.798	20000.0
11	11.142	80.243	3.559	53.252	0.736	0.81	20000.0
12	11.427	82.28	3.659	55.688	0.738	0.781	20000.0
13	11.682	83.917	3.745	57.115	0.741	0.785	30000.0
14	11.696	86.78	3.648	57.773	0.791	0.769	40000.0
15	11.289	82.305	3.517	55.472	0.735	0.796	20000.0
16	12.238	90.518	3.904	61.083	0.828	0.736	20000.0
17	11.366	84.009	3.588	56.167	0.785	0.776	20000.0
18	11.869	88.855	3.759	59.289	0.814	0.766	30000.0
19	11.45	83.731	3.779	58.076	0.73	0.779	20000.0
20	12.253	86.973	3.954	58.268	0.768	0.782	50000.0
21	11.683	82.644	3.667	56.009	0.738	0.785	20000.0
22	11.414	82.645	3.535	56.022	0.758	0.784	20000.0
23	12.081	87.44	3.861	58.71	0.782	0.773	30000.0
24	11.086	81.736	3.507	55.595	0.76	0.79	20000.0
25	11.935	86.824	3.766	57.554	0.779	0.778	20000.0
26	11.518	82.658	3.653	56.675	0.737	0.786	30000.0
27	12.408	89.173	3.919	61.103	0.805	0.757	30000.0
28	11.151	76.453	3.448	51.577	0.708	0.81	40000.0
29	11.272	82.778	3.596	56.062	0.78	0.783	20000.0
30	12.664	92.776	4.086	62.257	0.847	0.73	30000.0
31	10.92	79.52	3.563	53.745	0.73	0.798	30000.0
32	11.297	81.317	3.605	56.021	0.742	0.78	30000.0
33	10.925	78.173	3.433	52.662	0.724	0.808	20000.0
34	11.624	81.993	3.626	54.455	0.745	0.793	20000.0
35	12.223	86.519	3.789	58.34	0.775	0.774	20000.0
36	11.298	81.235	3.542	54.519	0.759	0.791	20000.0
37	11.361	84.444	3.554	56.076	0.781	0.786	30000.0
38	11.518	85.125	3.736	57.363	0.785	0.772	40000.0
39	11.857	85.477	3.685	56.518	0.765	0.788	20000.0
40	11.701	84.066	3.621	56.179	0.781	0.783	20000.0
41	12.148	88.788	3.769	57.896	0.801	0.769	20000.0
42	11.91	85.514	3.672	56.853	0.774	0.781	30000.0
43	12.062	88.277	3.839	59.109	0.793	0.765	30000.0
44	11.983	87.508	3.83	58.275	0.784	0.773	20000.0
45	12.048	89.573	3.861	59.555	0.8	0.757	50000.0
46	11.543	82.914	3.614	56.43	0.763	0.782	30000.0
47	12.788	94.593	3.865	61.798	0.88	0.728	20000.0
48	11.791	87.977	3.724	58.562	0.8	0.76	50000.0
49	11.137	83.365	3.525	56.771	0.806	0.769	40000.0
50	12.566	93.183	3.95	63.044	0.822	0.73	50000.0
51	11.817	86.249	3.791	59.065	0.768	0.756	20000.0
52	10.423	73.798	3.268	50.647	0.699	0.812	20000.0
53	11.435	83.039	3.648	55.882	0.766	0.784	30000.0
54	11.286	80.936	3.58	55.319	0.745	0.791	20000.0
55	11.557	89.388	3.711	60.204	0.798	0.749	50000.0
56	11.647	84.489	3.652	57.097	0.778	0.775	40000.0
57	11.123	79.781	3.572	54.61	0.755	0.792	30000.0
58	11.254	79.389	3.55	55.061	0.739	0.788	20000.0
59	11.509	84.0	3.683	56.146	0.767	0.779	30000.0
60	11.725	85.347	3.717	57.373	0.766	0.775	50000.0
61	11.576	80.4	3.668	54.81	0.715	0.793	30000.0
62	12.055	89.292	3.722	59.205	0.835	0.756	40000.0
63	11.235	79.416	3.508	54.362	0.726	0.789	20000.0
64	11.927	87.077	3.71	58.283	0.809	0.763	20000.0
65	11.262	82.947	3.679	56.531	0.765	0.781	30000.0
66	11.15	83.411	3.536	54.381	0.767	0.79	30000.0
67	11.779	83.258	3.689	56.303	0.748	0.79	20000.0
68	11.311	77.25	3.571	52.912	0.704	0.807	20000.0
69	12.084	90.96	3.921	61.089	0.788	0.751	30000.0
70	11.301	81.809	3.543	55.663	0.755	0.789	30000.0
71	12.116	88.117	3.837	60.23	0.794	0.743	40000.0
72	11.762	85.731	3.699	57.177	0.773	0.786	40000.0
73	10.821	80.146	3.414	54.695	0.722	0.798	20000.0
74	12.009	90.488	3.821	60.221	0.835	0.758	20000.0
75	12.086	90.113	3.815	59.609	0.813	0.765	20000.0
76	10.985	78.182	3.422	52.61	0.711	0.811	20000.0
77	11.899	85.765	3.7	57.335	0.778	0.775	20000.0
78	10.916	79.327	3.416	53.986	0.753	0.796	20000.0
79	11.117	78.588	3.457	52.604	0.72	0.813	20000.0
80	11.093	80.541	3.538	55.106	0.732	0.796	20000.0
81	11.322	78.853	3.63	54.372	0.722	0.798	20000.0
82	11.638	86.508	3.732	59.187	0.774	0.776	20000.0
83	10.838	80.125	3.45	53.625	0.755	0.794	20000.0
84	12.145	87.814	3.915	58.967	0.786	0.766	30000.0
85	12.08	90.736	3.814	60.419	0.805	0.754	20000.0
86	11.925	87.42	3.798	59.995	0.757	0.757	30000.0
87	11.237	79.558	3.515	53.788	0.725	0.8	30000.0
88	11.132	76.039	3.573	52.404	0.691	0.82	30000.0
89	11.247	82.764	3.502	56.627	0.753	0.785	20000.0
90	11.595	86.133	3.781	58.961	0.77	0.769	30000.0
91	11.912	85.293	3.708	57.192	0.755	0.784	20000.0
92	11.371	82.74	3.645	56.44	0.747	0.773	40000.0
93	11.783	87.908	3.73	58.995	0.789	0.761	50000.0
94	10.998	78.667	3.444	53.342	0.728	0.805	20000.0
95	11.027	81.068	3.466	54.828	0.786	0.792	50000.0
96	11.653	82.916	3.807	57.399	0.745	0.77	20000.0
97	10.94	80.732	3.446	54.236	0.759	0.789	20000.0
98	11.332	81.556	3.513	55.512	0.782	0.777	20000.0
99	12.347	91.762	3.933	61.949	0.818	0.738	40000.0
100	11.353	83.401	3.601	56.24	0.787	0.779	30000.0
