MutationType	DBS78A	DBS78B	DBS78C	DBS78D	DBS78E
AC>CA	1.40461726778085e-05	1.3188302968956123e-05	1.3384891208261251e-05	1.3348985048651229e-05	1.5150855933825369e-05
AC>CG	1.40461726778085e-05	1.3188302968956123e-05	1.3384891208261251e-05	1.3348985048651229e-05	1.5150855933825369e-05
AC>CT	1.40461726778085e-05	1.3188302968956123e-05	1.3384891208261251e-05	1.3348985048651229e-05	1.5150855933825369e-05
AC>GA	1.40461726778085e-05	1.3188302968956123e-05	1.3384891208261251e-05	1.3348985048651229e-05	1.5150855933825369e-05
AC>GG	1.40461726778085e-05	1.3188302968956123e-05	1.3384891208261251e-05	1.3348985048651229e-05	1.5150855933825369e-05
AC>GT	1.40461726778085e-05	1.3188302968956123e-05	1.3384891208261251e-05	1.3348985048651229e-05	1.5150855933825369e-05
AC>TA	0.004837007581702437	0.02049946689675835	0.0020970395151221053	0.004294972625018545	0.01371973081485521
AC>TG	1.40461726778085e-05	1.3188302968956123e-05	1.3384891208261251e-05	1.3348985048651229e-05	1.5150855933825369e-05
AC>TT	0.0033898256682956427	1.057051032660189e-05	0.02001011954425404	0.010599212149686536	0.0026000548087176866
AT>CA	1.40461726778085e-05	1.3188302968956123e-05	1.3384891208261251e-05	1.3348985048651229e-05	1.5150855933825369e-05
AT>CC	1.40461726778085e-05	1.3188302968956123e-05	1.3384891208261251e-05	1.3348985048651229e-05	1.5150855933825369e-05
AT>CG	1.40461726778085e-05	1.3188302968956123e-05	1.3384891208261251e-05	1.3348985048651229e-05	1.5150855933825369e-05
AT>GA	1.40461726778085e-05	1.3188302968956123e-05	1.3384891208261251e-05	1.3348985048651229e-05	1.5150855933825369e-05
AT>GC	1.40461726778085e-05	1.3188302968956123e-05	1.3384891208261251e-05	1.3348985048651229e-05	1.5150855933825369e-05
AT>TA	0.0013907817386972	0.0016234992973136351	0.00904687416721563	0.025642888583220724	0.020476882878479045
CC>AA	0.7192342546582222	0.3715038316666562	0.31265276542146164	0.34075707968702773	0.02803747543825934
CC>AG	0.026315837356443546	0.24793786836683274	0.015653829211104947	0.011915007724549781	0.06400282084240297
CC>AT	0.025076599144274115	0.0038797870475381167	0.29348448066833044	0.02440281197161454	0.011254048438256552
CC>GA	0.010447209650029982	0.023292622180215276	0.013770555192063012	0.02774759966350388	0.023751965330477843
CC>GG	1.40461726778085e-05	1.3188302968956123e-05	1.3384891208261251e-05	1.3348985048651229e-05	1.5150855933825369e-05
CC>GT	0.004752741908591815	0.006844675841443859	0.0018047570928570167	0.011482082849567234	0.018848091825709616
CC>TA	0.013135571970485623	0.008218799924987428	0.023652122301669465	0.02072519026577484	0.0049593734478517604
CC>TG	1.40461726778085e-05	1.3188302968956123e-05	1.3384891208261251e-05	1.3348985048651229e-05	1.5150855933825369e-05
CC>TT	0.007175470613258227	0.03449766782966496	0.013049196212815903	0.015978725048741604	0.2532183336845758
CG>AT	0.0036867735621206126	0.03663158923651735	0.0015032271392433638	0.01097418636537296	0.013261702949959072
CG>GC	9.257901595560725e-06	0.0005813449877723554	0.002555887457406456	1.0913427529999354e-05	0.06893312789330594
CG>GT	0.003922754337140797	0.010417376741477255	0.01451314336003918	0.018064344833429686	0.013092576082176495
CG>TA	1.40461726778085e-05	1.3188302968956123e-05	1.3384891208261251e-05	1.3348985048651229e-05	1.5150855933825369e-05
CG>TC	1.40461726778085e-05	1.3188302968956123e-05	1.3384891208261251e-05	1.3348985048651229e-05	1.5150855933825369e-05
CG>TT	0.021497393729791172	0.017863020447200596	0.05216840261580476	0.07336108738675465	0.031205933572961544
CT>AA	0.03165024968907335	0.008774710283089371	0.05984892148874085	0.07403855188791175	0.019904457124281693
CT>AC	1.40461726778085e-05	1.3188302968956123e-05	1.3384891208261251e-05	1.3348985048651229e-05	1.5150855933825369e-05
CT>AG	0.010338518316886472	0.06163228254034548	0.004317925601405363	0.028971893775569402	0.017981213219620894
CT>GA	1.40461726778085e-05	1.3188302968956123e-05	1.3384891208261251e-05	1.3348985048651229e-05	1.5150855933825369e-05
CT>GC	1.40461726778085e-05	1.3188302968956123e-05	1.3384891208261251e-05	1.3348985048651229e-05	1.5150855933825369e-05
CT>GG	1.40461726778085e-05	1.3188302968956123e-05	1.3384891208261251e-05	1.3348985048651229e-05	1.5150855933825369e-05
CT>TA	0.01529489167004158	0.010159799680755355	0.0023555387748027514	0.005960983797336008	0.07962086347677769
CT>TC	1.40461726778085e-05	1.3188302968956123e-05	1.3384891208261251e-05	1.3348985048651229e-05	1.5150855933825369e-05
CT>TG	1.40461726778085e-05	1.3188302968956123e-05	1.3384891208261251e-05	1.3348985048651229e-05	1.5150855933825369e-05
GC>AA	0.005982533964397994	0.03009110439231871	0.042264452761947284	0.046619360478318675	0.07525333834358701
GC>AG	1.40461726778085e-05	1.3188302968956123e-05	1.3384891208261251e-05	1.3348985048651229e-05	1.5150855933825369e-05
GC>AT	1.40461726778085e-05	1.3188302968956123e-05	1.3384891208261251e-05	1.3348985048651229e-05	1.5150855933825369e-05
GC>CA	0.0035473289569222287	0.0009896273382184973	0.008985542174399685	0.02110911940842698	0.0017695420909217318
GC>CG	1.40461726778085e-05	1.3188302968956123e-05	1.3384891208261251e-05	1.3348985048651229e-05	1.5150855933825369e-05
GC>TA	1.40461726778085e-05	1.3188302968956123e-05	1.3384891208261251e-05	1.3348985048651229e-05	1.5150855933825369e-05
TA>AT	1.40461726778085e-05	1.3188302968956123e-05	1.3384891208261251e-05	1.3348985048651229e-05	1.5150855933825369e-05
TA>CG	1.40461726778085e-05	1.3188302968956123e-05	1.3384891208261251e-05	1.3348985048651229e-05	1.5150855933825369e-05
TA>CT	1.40461726778085e-05	1.3188302968956123e-05	1.3384891208261251e-05	1.3348985048651229e-05	1.5150855933825369e-05
TA>GC	1.40461726778085e-05	1.3188302968956123e-05	1.3384891208261251e-05	1.3348985048651229e-05	1.5150855933825369e-05
TA>GG	1.40461726778085e-05	1.3188302968956123e-05	1.3384891208261251e-05	1.3348985048651229e-05	1.5150855933825369e-05
TA>GT	1.40461726778085e-05	1.3188302968956123e-05	1.3384891208261251e-05	1.3348985048651229e-05	1.5150855933825369e-05
TC>AA	0.012631594788690567	0.018929627192408136	0.012484650805849356	0.012662445559525963	0.024560215410663205
TC>AG	0.005575349254331741	0.007008733069915252	0.0026590361514740833	0.007892433210451202	0.02099638102932204
TC>AT	0.010880727873254692	0.006785349254782369	0.0020790912787590713	0.011460506339031172	0.02107449895892273
TC>CA	0.003912142630883881	0.023998150452953268	0.0017859800556590244	0.01613298748136941	0.004735092235606053
TC>CG	1.40461726778085e-05	1.3188302968956123e-05	1.3384891208261251e-05	1.3348985048651229e-05	1.5150855933825369e-05
TC>CT	0.014278981659055034	0.004448425536155582	0.010888010603232412	0.00932103281924076	0.005920625081904695
TC>GA	1.40461726778085e-05	1.3188302968956123e-05	1.3384891208261251e-05	1.3348985048651229e-05	1.5150855933825369e-05
TC>GG	1.40461726778085e-05	1.3188302968956123e-05	1.3384891208261251e-05	1.3348985048651229e-05	1.5150855933825369e-05
TC>GT	1.40461726778085e-05	1.3188302968956123e-05	1.3384891208261251e-05	1.3348985048651229e-05	1.5150855933825369e-05
TG>AA	0.005070605775422145	0.008484700302920482	0.03530300570518421	0.04093953444667644	0.015168303669553893
TG>AC	1.40461726778085e-05	1.3188302968956123e-05	1.3384891208261251e-05	1.3348985048651229e-05	1.5150855933825369e-05
TG>AT	0.005514408485991166	0.013223330935370816	0.007137187969581726	0.024881821144686747	0.11814418834456773
TG>CA	1.40461726778085e-05	1.3188302968956123e-05	1.3384891208261251e-05	1.3348985048651229e-05	1.5150855933825369e-05
TG>CC	1.40461726778085e-05	1.3188302968956123e-05	1.3384891208261251e-05	1.3348985048651229e-05	1.5150855933825369e-05
TG>CT	0.020061814686296673	0.01630395363877344	0.025021798499160548	0.0941377511806823	0.02673922277998262
TG>GA	1.40461726778085e-05	1.3188302968956123e-05	1.3384891208261251e-05	1.3348985048651229e-05	1.5150855933825369e-05
TG>GC	1.40461726778085e-05	1.3188302968956123e-05	1.3384891208261251e-05	1.3348985048651229e-05	1.5150855933825369e-05
TG>GT	1.40461726778085e-05	1.3188302968956123e-05	1.3384891208261251e-05	1.3348985048651229e-05	1.5150855933825369e-05
TT>AA	1.40461726778085e-05	1.3188302968956123e-05	1.3384891208261251e-05	1.3348985048651229e-05	1.5150855933825369e-05
TT>AC	1.40461726778085e-05	1.3188302968956123e-05	1.3384891208261251e-05	1.3348985048651229e-05	1.5150855933825369e-05
TT>AG	0.009687057191910072	0.004708665850283042	0.008237221698637996	0.009247997744445229	1.2401556004135728e-05
TT>CA	1.40461726778085e-05	1.3188302968956123e-05	1.3384891208261251e-05	1.3348985048651229e-05	1.5150855933825369e-05
TT>CC	1.40461726778085e-05	1.3188302968956123e-05	1.3384891208261251e-05	1.3348985048651229e-05	1.5150855933825369e-05
TT>CG	1.40461726778085e-05	1.3188302968956123e-05	1.3384891208261251e-05	1.3348985048651229e-05	1.5150855933825369e-05
TT>GA	1.40461726778085e-05	1.3188302968956123e-05	1.3384891208261251e-05	1.3348985048651229e-05	1.5150855933825369e-05
TT>GC	1.4046172673261026e-05	1.3188302891649074e-05	1.3384891208261251e-05	1.3348984948606812e-05	1.5150855924730422e-05
TT>GG	1.4046172673261026e-05	1.3188302891649074e-05	1.3384891208261251e-05	1.3348984948606812e-05	1.5150855924730422e-05
