MutationType	DBS78A	DBS78B	DBS78C	DBS78D	DBS78E	DBS78F
AC>CA	2.28E-06	3.24E-06	1.79E-06	2.66E-04	2.04E-06	1.32E-04
AC>CG	2.28E-06	3.24E-06	1.79E-06	2.66E-04	2.04E-06	1.32E-04
AC>CT	2.28E-06	3.24E-06	1.79E-06	2.66E-04	2.04E-06	1.32E-04
AC>GA	2.28E-06	3.24E-06	1.79E-06	2.66E-04	2.04E-06	1.32E-04
AC>GG	2.28E-06	3.24E-06	1.79E-06	2.66E-04	2.04E-06	1.32E-04
AC>GT	2.28E-06	3.24E-06	1.79E-06	2.66E-04	2.04E-06	1.32E-04
AC>TA	2.28E-06	3.24E-06	1.79E-06	2.66E-04	2.04E-06	1.32E-04
AC>TG	1.99E-03	1.99E-03	6.53E-03	1.53E-04	3.03E-02	4.06E-06
AC>TT	2.28E-06	3.24E-06	1.79E-06	2.66E-04	2.04E-06	1.32E-04
AT>CA	2.28E-06	3.24E-06	1.79E-06	2.66E-04	2.04E-06	1.32E-04
AT>CC	2.28E-06	3.24E-06	1.79E-06	2.66E-04	2.04E-06	1.32E-04
AT>CG	2.28E-06	3.24E-06	1.79E-06	2.66E-04	2.04E-06	1.32E-04
AT>GA	2.28E-06	3.24E-06	1.79E-06	2.66E-04	2.04E-06	1.32E-04
AT>GC	2.28E-06	3.24E-06	1.79E-06	2.66E-04	2.04E-06	1.32E-04
AT>TA	2.28E-06	3.24E-06	1.79E-06	2.66E-04	2.04E-06	1.32E-04
CC>AA	4.18E-06	1.38E-02	8.07E-03	2.55E-02	1.36E-02	1.98E-02
CC>AG	2.28E-06	3.24E-06	1.79E-06	2.66E-04	2.04E-06	1.32E-04
CC>AT	2.28E-06	3.24E-06	1.79E-06	2.66E-04	2.04E-06	1.32E-04
CC>GA	2.28E-06	3.24E-06	1.79E-06	2.66E-04	2.04E-06	1.32E-04
CC>GG	2.28E-06	3.24E-06	1.79E-06	2.66E-04	2.04E-06	1.32E-04
CC>GT	4.41E-06	1.38E-02	3.33E-02	1.81E-02	2.50E-03	9.29E-03
CC>TA	2.28E-06	3.24E-06	1.79E-06	2.66E-04	2.04E-06	1.32E-04
CC>TG	2.28E-06	3.24E-06	1.79E-06	2.66E-04	2.04E-06	1.32E-04
CC>TT	2.28E-06	3.24E-06	1.79E-06	2.66E-04	2.04E-06	1.32E-04
CG>AT	2.28E-06	3.24E-06	1.79E-06	2.66E-04	2.04E-06	1.32E-04
CG>GC	2.28E-06	3.24E-06	1.79E-06	2.66E-04	2.04E-06	1.32E-04
CG>GT	2.28E-06	3.24E-06	1.79E-06	2.66E-04	2.04E-06	1.32E-04
CG>TA	2.28E-06	3.24E-06	1.79E-06	2.66E-04	2.04E-06	1.32E-04
CG>TC	2.28E-06	3.24E-06	1.79E-06	2.66E-04	2.04E-06	1.32E-04
CG>TT	2.28E-06	3.24E-06	1.79E-06	2.66E-04	2.04E-06	1.32E-04
CT>AA	2.28E-06	3.24E-06	1.79E-06	2.66E-04	2.04E-06	1.32E-04
CT>AC	2.28E-06	3.24E-06	1.79E-06	2.66E-04	2.04E-06	1.32E-04
CT>AG	2.28E-06	3.24E-06	1.79E-06	2.66E-04	2.04E-06	1.32E-04
CT>GA	2.28E-06	3.24E-06	1.79E-06	2.66E-04	2.04E-06	1.32E-04
CT>GC	2.28E-06	3.24E-06	1.79E-06	2.66E-04	2.04E-06	1.32E-04
CT>GG	4.22E-06	3.16E-06	3.37E-02	1.76E-02	9.33E-03	1.23E-02
CT>TA	3.40E-03	2.39E-06	7.27E-03	6.28E-06	1.35E-02	3.79E-02
CT>TC	2.79E-03	2.16E-06	7.27E-03	4.83E-02	1.87E-02	1.73E-02
CT>TG	2.28E-06	3.24E-06	1.79E-06	2.66E-04	2.04E-06	1.32E-04
GC>AA	4.76E-03	4.68E-06	5.90E-03	2.63E-02	1.52E-02	1.82E-02
GC>AG	2.28E-06	3.24E-06	1.79E-06	2.66E-04	2.04E-06	1.32E-04
GC>AT	2.28E-06	3.24E-06	1.79E-06	2.66E-04	2.04E-06	1.32E-04
GC>CA	2.28E-06	3.24E-06	1.79E-06	2.66E-04	2.04E-06	1.32E-04
GC>CG	2.28E-06	3.24E-06	1.79E-06	2.66E-04	2.04E-06	1.32E-04
GC>TA	2.28E-06	3.24E-06	1.79E-06	2.66E-04	2.04E-06	1.32E-04
TA>AT	2.28E-06	3.24E-06	1.79E-06	2.66E-04	2.04E-06	1.32E-04
TA>CG	2.28E-06	3.24E-06	1.79E-06	2.66E-04	2.04E-06	1.32E-04
TA>CT	2.28E-06	3.24E-06	1.79E-06	2.66E-04	2.04E-06	1.32E-04
TA>GC	2.28E-06	3.24E-06	1.79E-06	2.66E-04	2.04E-06	1.32E-04
TA>GG	2.28E-06	3.24E-06	1.79E-06	2.66E-04	2.04E-06	1.32E-04
TA>GT	2.28E-06	3.24E-06	1.79E-06	2.66E-04	2.04E-06	1.32E-04
TC>AA	2.28E-06	3.24E-06	1.79E-06	2.66E-04	2.04E-06	1.32E-04
TC>AG	2.28E-06	3.24E-06	1.79E-06	2.66E-04	2.04E-06	1.32E-04
TC>AT	2.28E-06	3.24E-06	1.79E-06	2.66E-04	2.04E-06	1.32E-04
TC>CA	2.28E-06	3.24E-06	1.79E-06	2.66E-04	2.04E-06	1.32E-04
TC>CG	2.28E-06	3.24E-06	1.79E-06	2.66E-04	2.04E-06	1.32E-04
TC>CT	2.28E-06	3.24E-06	1.79E-06	2.66E-04	2.04E-06	1.32E-04
TC>GA	2.28E-06	3.24E-06	1.79E-06	2.66E-04	2.04E-06	1.32E-04
TC>GG	2.28E-06	3.24E-06	1.79E-06	2.66E-04	2.04E-06	1.32E-04
TC>GT	2.28E-06	3.24E-06	1.79E-06	2.66E-04	2.04E-06	1.32E-04
TG>AA	2.28E-06	3.24E-06	1.79E-06	2.66E-04	2.04E-06	1.32E-04
TG>AC	2.28E-06	3.24E-06	1.79E-06	2.66E-04	2.04E-06	1.32E-04
TG>AT	2.28E-06	3.24E-06	1.79E-06	2.66E-04	2.04E-06	1.32E-04
TG>CA	2.28E-06	3.24E-06	1.79E-06	2.66E-04	2.04E-06	1.32E-04
TG>CC	2.28E-06	3.24E-06	1.79E-06	2.66E-04	2.04E-06	1.32E-04
TG>CT	2.28E-06	3.24E-06	1.79E-06	2.66E-04	2.04E-06	1.32E-04
TG>GA	2.28E-06	3.24E-06	1.79E-06	2.66E-04	2.04E-06	1.32E-04
TG>GC	2.28E-06	3.24E-06	1.79E-06	2.66E-04	2.04E-06	1.32E-04
TG>GT	2.28E-06	3.24E-06	1.79E-06	2.66E-04	2.04E-06	1.32E-04
TT>AA	2.28E-06	3.24E-06	1.79E-06	2.66E-04	2.04E-06	1.32E-04
TT>AC	2.28E-06	3.24E-06	1.79E-06	2.66E-04	2.04E-06	1.32E-04
TT>AG	2.28E-06	3.24E-06	1.79E-06	2.66E-04	2.04E-06	1.32E-04
TT>CA	2.28E-06	3.24E-06	1.79E-06	2.66E-04	2.04E-06	1.32E-04
TT>CC	2.28E-06	3.24E-06	1.79E-06	2.66E-04	2.04E-06	1.32E-04
TT>CG	2.28E-06	3.24E-06	1.79E-06	2.66E-04	2.04E-06	1.32E-04
TT>GA	2.28E-06	3.24E-06	1.79E-06	2.66E-04	2.04E-06	1.32E-04
TT>GC	2.28E-06	3.24E-06	1.79E-06	2.66E-04	2.04E-06	1.32E-04
TT>GG	2.28E-06	3.24E-06	1.79E-06	2.66E-04	2.04E-06	1.32E-04
