MutationType	DBS78A	DBS78B	DBS78C	DBS78D	DBS78E	DBS78F	DBS78G	DBS78H
AC>CA	8.700598243990498e-05	0.0017085246039285095	0.01676288697089491	0.004896704701909584	0.012742612014616413	0.013243826226254782	0.014734111660538111	0.004057607833949249
AC>CG	1.288298231884255e-05	1.0699288168325438e-05	1.7932587747964136e-05	2.1400928981165636e-05	1.3346198304589052e-05	1.818362077472102e-05	1.4473851290404128e-05	1.9234287466929346e-05
AC>CT	0.0003160984688724966	0.0017850481141289266	0.00723804667504794	0.006400547914945491	0.004795210386859594	0.004443657339083984	0.010056507488485166	0.01113036753023664
AC>GA	0.00021866175700893108	0.005167781525017574	0.0061237398856508205	0.0008338664974962739	0.005921875301207251	0.004505683532693183	0.0024063780030186875	0.004710743606337644
AC>GG	1.288298231884255e-05	1.0699288168325438e-05	1.7932587747964136e-05	2.1400928981165636e-05	1.3346198304589052e-05	1.818362077472102e-05	1.4473851290404128e-05	1.9234287466929346e-05
AC>GT	1.288298231884255e-05	1.0699288168325438e-05	1.7932587747964136e-05	2.1400928981165636e-05	1.3346198304589052e-05	1.818362077472102e-05	1.4473851290404128e-05	1.9234287466929346e-05
AC>TA	5.781462307368201e-06	0.005330528829750847	0.007768271648755416	0.003900861307303103	0.004310574425874165	0.012928979534896143	0.00627154782436321	0.014758292598625928
AC>TG	1.288298231884255e-05	1.0699288168325438e-05	1.7932587747964136e-05	2.1400928981165636e-05	1.3346198304589052e-05	1.818362077472102e-05	1.4473851290404128e-05	1.9234287466929346e-05
AC>TT	3.5947931980047085e-05	0.006525305188617096	0.007742646671675004	0.002757165894231548	0.002269136427632361	0.007935970515727604	0.002708864046752524	0.004044759015695831
AT>CA	1.288298231884255e-05	1.0699288168325438e-05	1.7932587747964136e-05	2.1400928981165636e-05	1.3346198304589052e-05	1.818362077472102e-05	1.4473851290404128e-05	1.9234287466929346e-05
AT>CC	1.288298231884255e-05	1.0699288168325438e-05	1.7932587747964136e-05	2.1400928981165636e-05	1.3346198304589052e-05	1.818362077472102e-05	1.4473851290404128e-05	1.9234287466929346e-05
AT>CG	1.288298231884255e-05	1.0699288168325438e-05	1.7932587747964136e-05	2.1400928981165636e-05	1.3346198304589052e-05	1.818362077472102e-05	1.4473851290404128e-05	1.9234287466929346e-05
AT>GA	0.00018216148427882217	0.0013756955420330995	0.0015660738119072449	0.0007689976902611306	0.0022911745657950176	0.002331495466782485	0.004094614565974836	0.00819914414399534
AT>GC	1.288298231884255e-05	1.0699288168325438e-05	1.7932587747964136e-05	2.1400928981165636e-05	1.3346198304589052e-05	1.818362077472102e-05	1.4473851290404128e-05	1.9234287466929346e-05
AT>TA	1.288298231884255e-05	1.0699288168325438e-05	1.7932587747964136e-05	2.1400928981165636e-05	1.3346198304589052e-05	1.818362077472102e-05	1.4473851290404128e-05	1.9234287466929346e-05
CC>AA	0.9803433853387833	0.01099186082677761	0.028093546290983797	3.806762362408965e-05	0.054935116337972406	0.002461033287044989	0.05833962927431118	0.002274966270685531
CC>AG	9.824415437052489e-07	0.023917571165527823	0.0010238631891404336	0.5861108031555159	8.137215942441246e-06	0.0024438577550592385	0.001927967935143704	0.0012693390588834035
CC>AT	0.0012204173354665312	0.634209257363259	0.007348780312254106	0.006460639551129532	0.0015448953819327815	0.002967783847431141	0.0009618573633549012	0.006879716512247611
CC>GA	0.0005678938249724417	0.017032035984161097	0.06382663706347796	0.025092466687378905	0.01877511413203367	0.03261948859646065	0.06085694485063735	0.055337197006490445
CC>GG	0.00023339383766369793	0.0034711193508549882	0.025245403110587362	0.01354810674002465	0.012502403968619973	0.01151624784362582	0.007635665959805351	0.0176079066238664
CC>GT	0.00019064958626643146	0.0024935852328572673	0.010880957199894965	0.0048995381393655175	0.005728832632463394	0.010012752508765743	0.008964435013019738	0.012892670046803688
CC>TA	8.521436587898279e-05	0.023336770581931034	0.025594401554374344	0.022441261528346104	0.013640300837427049	0.0361490087062468	0.021917665083554142	0.02377107125572067
CC>TG	0.0005787102308210024	0.0037771906793049935	0.02401881012452094	0.007422819305415942	0.009548506010984852	0.022858870412198373	0.027560315177858	0.014007571696558615
CC>TT	2.1340925877838235e-06	0.021966465418777493	0.1907050719371103	0.020653621233436253	0.023885546579257264	0.01878800688300778	0.022052348433308108	0.018495673911252106
CG>AT	0.0001543963281380911	0.0031873703881590567	0.00997095537328505	0.005874197393786744	0.003314930708627912	0.00951007281789714	0.006991615560052011	0.003930645039675937
CG>GC	3.722992502730449e-05	0.0009756644319634234	0.0040285655243042125	0.005690771433282862	0.0011231198025325284	0.0034733176450635027	0.0026096587511074175	0.0015517026178935112
CG>GT	0.00023463668445437236	0.0024499016292520537	0.014848128877192722	0.005106480780067386	0.023537402239398587	0.008055201206708204	0.016009917161040405	0.008773567024701947
CG>TA	1.288298231884255e-05	1.0699288168325438e-05	1.7932587747964136e-05	2.1400928981165636e-05	1.3346198304589052e-05	1.818362077472102e-05	1.4473851290404128e-05	1.9234287466929346e-05
CG>TC	0.002469598415116252	0.02250284421286448	0.02656216962539764	0.005670985685082802	0.005395971891245224	0.016547190396138767	0.05028592710260853	0.015043434241175957
CG>TT	2.3840126407037587e-06	0.014899583248368754	0.00251133194098996	0.023576331374867	0.01833893531685369	0.26561866095749964	0.00943761795382491	0.04285798605212387
CT>AA	9.113381528998187e-05	0.007254211692460937	0.005660341830819994	0.018427307206548605	0.017824701895756783	0.009929590788991376	0.29776076632353804	0.01564893274585936
CT>AC	0.00022891400911021265	0.0010648479620635953	0.0025756406910427644	0.0009695982967718919	0.003506185048884163	0.0060593025132754975	0.002420137148676531	0.002659832765047554
CT>AG	0.0010544892133714256	0.0016292508386597149	0.010296622327631724	0.015645494588049758	0.009495200780136699	0.013749601079016429	0.02245197752207588	0.0059885087310181
CT>GA	8.490129476967923e-05	0.0034160805880847534	0.0026719726317378447	0.0020225974572485937	0.00013166546244974597	0.000358357155382123	0.0021880976214231395	0.010527632454267745
CT>GC	1.288298231884255e-05	1.0699288168325438e-05	1.7932587747964136e-05	2.1400928981165636e-05	1.3346198304589052e-05	1.818362077472102e-05	1.4473851290404128e-05	1.9234287466929346e-05
CT>GG	9.607043709820573e-06	0.00019139480203307359	0.0026556390866437594	0.0007697105970040319	0.004005921710358962	0.003479673408604569	0.008055330600333832	0.0025338923411050017
CT>TA	0.00038696803460581465	0.0040932666280174956	0.04054486408534842	0.008941926082403535	0.030808868717188034	0.03379454964815892	0.03841016880253687	0.020298915971341387
CT>TC	1.288298231884255e-05	1.0699288168325438e-05	1.7932587747964136e-05	2.1400928981165636e-05	1.3346198304589052e-05	1.818362077472102e-05	1.4473851290404128e-05	1.9234287466929346e-05
CT>TG	6.1039296511467e-06	0.002018637017270262	0.011370322204679156	0.003785224561917744	0.008296494126229277	0.01149255410585056	0.01406755636328242	0.006812995069437875
GC>AA	1.0808088806214665e-06	0.03787657242718846	0.0012601479357473079	0.019697016869184812	0.0039520306880714865	0.003369554310215754	0.006979896076009644	0.334446299646055
GC>AG	0.00035655013800010236	0.004403563172596919	0.018179015169799438	0.007946143334228566	0.02267165326336908	0.021813931785710033	0.005804434410860715	0.012672283178534409
GC>AT	0.0001407657456695688	0.007428296463240542	0.017504954646178135	0.0025348496643152886	0.005370098707651323	0.00763658017235116	0.004036534839153205	0.011566785567017632
GC>CA	0.002845319594163129	0.013297795818383805	0.02176860835324419	0.003933379434710674	0.0036884801244172747	0.01807387127966525	0.026229948139102816	0.01603251328843726
GC>CG	1.288298231884255e-05	1.0699288168325438e-05	1.7932587747964136e-05	2.1400928981165636e-05	1.3346198304589052e-05	1.818362077472102e-05	1.4473851290404128e-05	1.9234287466929346e-05
GC>TA	0.00011953727248737777	0.001972609820453499	0.0031788493925432705	0.0023305012476157573	0.003043911107740769	0.0024162217390062326	0.003328746445605475	0.0029077219454686086
TA>AT	0.0001155414007712352	0.0011684942058394654	0.0035379561287800245	1.644872126689734e-05	0.0021192440700593808	0.0016877867039272055	0.008707017476412489	0.003538234930811086
TA>CG	1.288298231884255e-05	1.0699288168325438e-05	1.7932587747964136e-05	2.1400928981165636e-05	1.3346198304589052e-05	1.818362077472102e-05	1.4473851290404128e-05	1.9234287466929346e-05
TA>CT	0.0003798098545803441	0.0010282485550294495	0.0036639026409238796	0.0009670375953965049	0.0013115309992849688	0.005672645752880499	0.001727309648750861	0.0013297587075447837
TA>GC	1.288298231884255e-05	1.0699288168325438e-05	1.7932587747964136e-05	2.1400928981165636e-05	1.3346198304589052e-05	1.818362077472102e-05	1.4473851290404128e-05	1.9234287466929346e-05
TA>GG	1.288298231884255e-05	1.0699288168325438e-05	1.7932587747964136e-05	2.1400928981165636e-05	1.3346198304589052e-05	1.818362077472102e-05	1.4473851290404128e-05	1.9234287466929346e-05
TA>GT	0.0001935895005698285	0.004588041361937201	0.006538167924653635	0.0029687961987860945	0.0064564687498531725	0.005270910667948101	0.002801464986440578	0.008086676069752911
TC>AA	2.3711859893216643e-06	0.005761623189856382	0.11064223665333073	0.021907938907842435	0.04197334709129537	0.05754782356794792	0.01616834865021943	0.07171267015028213
TC>AG	0.0001640639218442175	0.0052983575210832435	0.018400333939082563	0.0072928652453154805	0.01022018439097451	0.007592106814688846	0.015895513189912905	0.015846931783516992
TC>AT	0.00023631599982991248	0.0001040944227972318	0.025764609115860822	0.006451431125726543	0.011579563792991507	0.017254181619060772	0.011924343967599772	0.013930684702950771
TC>CA	8.55458361405681e-05	0.004148083339630375	0.018847819974954518	0.01100407012998403	0.004977729104200321	0.012759493553605807	0.010672430051587866	0.021928501846417134
TC>CG	1.288298231884255e-05	1.0699288168325438e-05	1.7932587747964136e-05	2.1400928981165636e-05	1.3346198304589052e-05	1.818362077472102e-05	1.4473851290404128e-05	1.9234287466929346e-05
TC>CT	0.00022296468909530632	0.0016196624924424273	0.029207974517176293	0.01118016048461243	0.013359889956172566	0.025716146231036418	0.025295308284985368	0.01383793329479964
TC>GA	0.00011535208416717069	0.0020119369987834546	0.0035294722256924162	0.002070138585377208	0.0039715770253997106	0.0022852597171214486	0.001455764010032965	0.0040447946633366885
TC>GG	0.00014001168521872388	0.003286341526235219	0.0042181157569848434	0.0006762962276798134	0.0015138207002769377	0.003380379803446658	0.0033595933159530312	0.0034795452150115126
TC>GT	0.0007004108114188057	0.002458357621230789	0.0029828871722673966	0.0007420304158210911	0.0008628629145448485	0.001371123815960118	0.0052835074958159116	0.0011837522583181227
TG>AA	0.00018858224455883032	0.005991043724204986	0.044958392532933544	0.016054599101929787	0.010965208334701779	0.03247985749312649	0.042257167049412576	0.016390712858775202
TG>AC	9.720242279627201e-06	0.0012508968579689216	0.0034493668841912494	0.0019559099726211573	0.0006044852902687126	0.004163914617070077	0.006397982820982833	0.0039061913542184357
TG>AT	0.00023086204072655296	0.02812571386105929	0.03519991174517157	0.0215009300688331	0.027369697572639275	0.13351825636312298	0.02390519729206777	0.03731516975964881
TG>CA	1.173629339064064e-05	7.422515300845589e-06	0.003924324654418854	0.001190420699738297	0.0048493272564201105	0.005849069702900351	0.0015086560641695713	0.002517136939474085
TG>CC	1.288298231884255e-05	1.0699288168325438e-05	1.7932587747964136e-05	2.1400928981165636e-05	1.3346198304589052e-05	1.818362077472102e-05	1.4473851290404128e-05	1.9234287466929346e-05
TG>CT	4.3903595077189797e-07	0.0065708797471577185	0.002600468576230135	0.015282766182415393	0.4848647903211713	0.012297088135583244	0.0008256789620309786	0.012744323268153779
TG>GA	0.00012584521894396517	0.005262491811416865	0.012190266727045582	0.006736219031492965	0.00434626139303191	0.00909862800019937	0.0049240121104645596	0.008930852197761397
TG>GC	1.288298231884255e-05	1.0699288168325438e-05	1.7932587747964136e-05	2.1400928981165636e-05	1.3346198304589052e-05	1.818362077472102e-05	1.4473851290404128e-05	1.9234287466929346e-05
TG>GT	0.0036212261070897966	0.007625881793423446	0.007801854390251748	0.016796851144021047	0.006219516335352396	0.00967329731839584	0.024139735861524514	0.020382620574844416
TT>AA	0.00021787570413209779	0.005044035525129962	0.02683554792530176	0.009495591567732048	0.011338658003459727	0.013313507790672646	0.012000180113952012	0.009857169677812862
TT>AC	9.491074486049911e-06	0.006118286537152926	0.005106105043167873	0.00446124184546477	0.0032159038405535512	0.006864296800766993	0.002755369412856794	0.005043795291123842
TT>AG	6.372119431716783e-05	0.002986751412818194	0.0038496065433173497	0.0006748426504850614	0.001122546713995476	0.0026904260771834754	0.0034987989087393425	0.0018042500243660698
TT>CA	0.0005399427028942227	0.005773430590467115	0.004005285077828376	0.00040329960352195824	0.008737158467665722	0.002022879611358661	0.0038561368627665613	0.005031000491594568
TT>CC	1.288298231884255e-05	1.0699288168325438e-05	1.7932587747964136e-05	2.1400928981165636e-05	1.3346198304589052e-05	1.818362077472102e-05	1.4473851290404128e-05	1.9234287466929346e-05
TT>CG	1.288298231884255e-05	1.0699288168325438e-05	1.7932587747964136e-05	2.1400928981165636e-05	1.3346198304589052e-05	1.818362077472102e-05	1.4473851290404128e-05	1.9234287466929346e-05
TT>GA	3.619746589379247e-05	0.0017732209293683354	0.002805699712371279	0.0005299541313502231	0.00030828592570287584	0.006487794972817937	0.0027504223635638424	0.0030242346944538666
TT>GC	1.288298231884255e-05	1.0699288168325438e-05	1.7932587747964136e-05	2.1400928981165636e-05	1.3346198304589052e-05	1.818362077472102e-05	1.4473851290404128e-05	1.9234287466929346e-05
TT>GG	1.288298231884255e-05	1.0699288168325438e-05	1.7932587747964136e-05	2.1400928981165636e-05	1.3346198304589052e-05	1.818362077472102e-05	1.4473851290404128e-05	1.9234287466929346e-05
