MutationType	DBS78A	DBS78B	DBS78C	DBS78D	DBS78E	DBS78F	DBS78G	DBS78H
AC>CA	5.66E-05	7.77E-04	4.14E-03	1.67E-03	2.84E-03	3.12E-03	3.56E-03	1.57E-03
AC>CG	9.21E-08	4.43E-07	5.41E-07	3.73E-07	4.18E-07	4.85E-07	6.27E-07	5.15E-07
AC>CT	1.24E-04	1.11E-03	2.07E-03	1.70E-03	1.52E-03	1.55E-03	2.41E-03	4.17E-03
AC>GA	1.13E-04	1.35E-03	1.92E-03	6.20E-04	1.43E-03	1.75E-03	1.07E-03	1.54E-03
AC>GG	9.21E-08	4.43E-07	5.41E-07	3.73E-07	4.18E-07	4.85E-07	6.27E-07	5.15E-07
AC>GT	9.21E-08	4.43E-07	5.41E-07	3.73E-07	4.18E-07	4.85E-07	6.27E-07	5.15E-07
AC>TA	3.27E-07	1.30E-03	2.34E-03	1.19E-03	1.84E-03	3.39E-03	2.13E-03	2.87E-03
AC>TG	9.21E-08	4.43E-07	5.41E-07	3.73E-07	4.18E-07	4.85E-07	6.27E-07	5.15E-07
AC>TT	2.50E-05	1.43E-03	2.11E-03	1.37E-03	8.61E-04	1.73E-03	1.15E-03	1.76E-03
AT>CA	9.21E-08	4.43E-07	5.41E-07	3.73E-07	4.18E-07	4.85E-07	6.27E-07	5.15E-07
AT>CC	9.21E-08	4.43E-07	5.41E-07	3.73E-07	4.18E-07	4.85E-07	6.27E-07	5.15E-07
AT>CG	9.21E-08	4.43E-07	5.41E-07	3.73E-07	4.18E-07	4.85E-07	6.27E-07	5.15E-07
AT>GA	1.25E-04	6.84E-04	8.61E-04	4.68E-04	9.58E-04	9.05E-04	1.46E-03	1.37E-03
AT>GC	9.21E-08	4.43E-07	5.41E-07	3.73E-07	4.18E-07	4.85E-07	6.27E-07	5.15E-07
AT>TA	9.21E-08	4.43E-07	5.41E-07	3.73E-07	4.18E-07	4.85E-07	6.27E-07	5.15E-07
CC>AA	2.11E-03	4.85E-03	1.02E-02	4.09E-06	1.46E-02	1.93E-03	1.41E-02	2.25E-03
CC>AG	2.63E-07	9.04E-03	1.01E-03	1.79E-02	1.47E-06	2.43E-03	1.92E-03	1.26E-03
CC>AT	1.22E-03	1.74E-02	3.47E-03	4.74E-03	1.54E-03	2.21E-03	9.51E-04	5.04E-03
CC>GA	5.01E-04	5.22E-03	1.24E-02	7.85E-03	6.40E-03	9.52E-03	1.34E-02	1.22E-02
CC>GG	1.34E-04	1.37E-03	5.39E-03	3.18E-03	2.69E-03	3.67E-03	2.59E-03	4.02E-03
CC>GT	1.21E-04	1.07E-03	3.07E-03	1.68E-03	1.76E-03	2.34E-03	2.54E-03	2.79E-03
CC>TA	8.27E-05	5.36E-03	7.26E-03	4.68E-03	3.85E-03	7.55E-03	7.12E-03	6.52E-03
CC>TG	3.45E-04	1.95E-03	5.57E-03	2.19E-03	3.64E-03	5.93E-03	5.37E-03	3.70E-03
CC>TT	3.55E-07	6.48E-03	2.05E-02	6.32E-03	7.04E-03	7.45E-03	7.84E-03	6.45E-03
CG>AT	7.61E-05	1.12E-03	2.76E-03	1.42E-03	1.44E-03	2.15E-03	2.11E-03	1.66E-03
CG>GC	2.59E-05	5.28E-04	1.72E-03	9.46E-04	8.76E-04	1.36E-03	9.36E-04	9.12E-04
CG>GT	1.53E-04	7.90E-04	3.73E-03	1.79E-03	3.10E-03	2.84E-03	3.50E-03	2.79E-03
CG>TA	9.21E-08	4.43E-07	5.41E-07	3.73E-07	4.18E-07	4.85E-07	6.27E-07	5.15E-07
CG>TC	6.18E-04	4.24E-03	7.50E-03	2.19E-03	3.20E-03	5.06E-03	8.62E-03	5.05E-03
CG>TT	3.98E-07	5.81E-03	2.50E-03	7.16E-03	6.96E-03	2.14E-02	4.90E-03	1.07E-02
CT>AA	8.73E-05	3.69E-03	2.97E-03	5.51E-03	6.64E-03	4.79E-03	2.05E-02	6.20E-03
CT>AC	1.39E-04	4.45E-04	9.80E-04	3.95E-04	1.45E-03	1.39E-03	9.32E-04	1.20E-03
CT>AG	2.61E-04	6.70E-04	3.04E-03	2.97E-03	3.14E-03	4.09E-03	5.19E-03	2.85E-03
CT>GA	7.60E-05	1.13E-03	1.46E-03	6.48E-04	1.21E-04	3.44E-04	9.38E-04	1.63E-03
CT>GC	9.21E-08	4.43E-07	5.41E-07	3.73E-07	4.18E-07	4.85E-07	6.27E-07	5.15E-07
CT>GG	3.37E-07	1.83E-04	1.15E-03	4.35E-04	1.29E-03	1.49E-03	1.47E-03	1.24E-03
CT>TA	3.00E-04	1.81E-03	8.30E-03	3.01E-03	6.91E-03	7.50E-03	8.29E-03	6.12E-03
CT>TC	9.21E-08	4.43E-07	5.41E-07	3.73E-07	4.18E-07	4.85E-07	6.27E-07	5.15E-07
CT>TG	2.67E-07	8.42E-04	2.48E-03	1.53E-03	1.86E-03	2.80E-03	3.03E-03	2.12E-03
GC>AA	2.09E-07	9.29E-03	8.83E-04	6.98E-03	2.78E-03	1.85E-03	4.29E-03	2.33E-02
GC>AG	2.05E-04	1.66E-03	4.83E-03	2.37E-03	4.68E-03	5.10E-03	2.07E-03	3.76E-03
GC>AT	1.10E-04	1.52E-03	4.11E-03	7.90E-04	1.44E-03	2.81E-03	1.42E-03	3.14E-03
GC>CA	5.61E-04	2.65E-03	5.69E-03	2.61E-03	1.72E-03	5.06E-03	5.82E-03	5.18E-03
GC>CG	9.21E-08	4.43E-07	5.41E-07	3.73E-07	4.18E-07	4.85E-07	6.27E-07	5.15E-07
GC>TA	5.30E-05	6.78E-04	1.16E-03	7.55E-04	9.94E-04	1.06E-03	1.40E-03	1.18E-03
TA>AT	8.15E-05	5.61E-04	1.09E-03	6.63E-07	8.28E-04	6.51E-04	1.62E-03	1.21E-03
TA>CG	9.21E-08	4.43E-07	5.41E-07	3.73E-07	4.18E-07	4.85E-07	6.27E-07	5.15E-07
TA>CT	2.06E-04	4.73E-04	1.25E-03	3.86E-04	5.45E-04	1.29E-03	7.66E-04	5.83E-04
TA>GC	9.21E-08	4.43E-07	5.41E-07	3.73E-07	4.18E-07	4.85E-07	6.27E-07	5.15E-07
TA>GG	9.21E-08	4.43E-07	5.41E-07	3.73E-07	4.18E-07	4.85E-07	6.27E-07	5.15E-07
TA>GT	1.23E-04	1.27E-03	1.73E-03	8.46E-04	1.41E-03	1.71E-03	1.08E-03	2.11E-03
TC>AA	3.91E-07	2.73E-03	1.89E-02	7.37E-03	9.34E-03	1.25E-02	7.05E-03	1.46E-02
TC>AG	6.70E-05	1.73E-03	5.07E-03	2.45E-03	4.41E-03	3.01E-03	3.48E-03	3.91E-03
TC>AT	1.08E-04	9.95E-05	4.82E-03	2.02E-03	2.36E-03	4.55E-03	3.90E-03	3.56E-03
TC>CA	8.06E-05	1.70E-03	4.47E-03	2.64E-03	1.71E-03	3.39E-03	3.09E-03	4.41E-03
TC>CG	9.21E-08	4.43E-07	5.41E-07	3.73E-07	4.18E-07	4.85E-07	6.27E-07	5.15E-07
TC>CT	1.18E-04	9.33E-04	5.90E-03	3.47E-03	4.71E-03	5.29E-03	6.50E-03	4.50E-03
TC>GA	6.24E-05	6.07E-04	1.56E-03	1.14E-03	1.04E-03	1.19E-03	9.10E-04	1.37E-03
TC>GG	7.71E-05	1.04E-03	1.48E-03	3.38E-04	5.10E-04	1.25E-03	1.18E-03	1.45E-03
TC>GT	1.74E-04	8.00E-04	1.23E-03	6.13E-04	7.30E-04	7.08E-04	1.46E-03	8.24E-04
TG>AA	1.87E-04	2.12E-03	8.91E-03	4.70E-03	3.58E-03	8.78E-03	7.18E-03	6.06E-03
TG>AC	3.10E-07	5.12E-04	1.27E-03	1.13E-03	4.19E-04	1.13E-03	1.82E-03	1.27E-03
TG>AT	2.28E-04	6.11E-03	1.05E-02	7.36E-03	8.21E-03	1.78E-02	9.15E-03	1.18E-02
TG>CA	3.74E-07	5.64E-07	1.16E-03	8.45E-04	1.09E-03	1.45E-03	7.27E-04	9.55E-04
TG>CC	9.21E-08	4.43E-07	5.41E-07	3.73E-07	4.18E-07	4.85E-07	6.27E-07	5.15E-07
TG>CT	1.24E-07	4.10E-03	1.30E-03	6.41E-03	1.80E-02	4.55E-03	8.13E-04	6.20E-03
TG>GA	9.28E-05	1.31E-03	2.60E-03	1.37E-03	1.28E-03	2.74E-03	1.60E-03	2.08E-03
TG>GC	9.21E-08	4.43E-07	5.41E-07	3.73E-07	4.18E-07	4.85E-07	6.27E-07	5.15E-07
TG>GT	7.30E-04	2.38E-03	2.87E-03	3.86E-03	2.73E-03	4.62E-03	6.23E-03	5.61E-03
TT>AA	1.43E-04	1.75E-03	5.77E-03	2.44E-03	2.57E-03	3.39E-03	3.63E-03	3.09E-03
TT>AC	4.07E-07	1.13E-03	1.65E-03	1.27E-03	1.30E-03	1.78E-03	1.20E-03	1.66E-03
TT>AG	5.35E-05	7.25E-04	1.04E-03	3.84E-04	4.45E-04	1.14E-03	1.68E-03	7.78E-04
TT>CA	1.69E-04	1.14E-03	1.33E-03	2.86E-04	1.86E-03	1.08E-03	1.39E-03	1.49E-03
TT>CC	9.21E-08	4.43E-07	5.41E-07	3.73E-07	4.18E-07	4.85E-07	6.27E-07	5.15E-07
TT>CG	9.21E-08	4.43E-07	5.41E-07	3.73E-07	4.18E-07	4.85E-07	6.27E-07	5.15E-07
TT>GA	2.60E-05	8.92E-04	1.07E-03	2.52E-04	2.10E-04	1.38E-03	9.11E-04	1.04E-03
TT>GC	9.21E-08	4.43E-07	5.41E-07	3.73E-07	4.18E-07	4.85E-07	6.27E-07	5.15E-07
TT>GG	9.21E-08	4.43E-07	5.41E-07	3.73E-07	4.18E-07	4.85E-07	6.27E-07	5.15E-07
