MutationType	DBS78A	DBS78B	DBS78C	DBS78D
AC>CA	1.12E-06	1.81E-06	9.27E-07	1.96E-06
AC>CG	1.12E-06	1.81E-06	9.27E-07	1.96E-06
AC>CT	1.12E-06	1.81E-06	9.27E-07	1.96E-06
AC>GA	1.12E-06	1.81E-06	9.27E-07	1.96E-06
AC>GG	1.12E-06	1.81E-06	9.27E-07	1.96E-06
AC>GT	1.12E-06	1.81E-06	9.27E-07	1.96E-06
AC>TA	1.12E-06	1.81E-06	9.27E-07	1.96E-06
AC>TG	6.41E-03	1.48E-02	3.83E-02	2.45E-02
AC>TT	1.12E-06	1.81E-06	9.27E-07	1.96E-06
AT>CA	1.12E-06	1.81E-06	9.27E-07	1.96E-06
AT>CC	1.12E-06	1.81E-06	9.27E-07	1.96E-06
AT>CG	1.12E-06	1.81E-06	9.27E-07	1.96E-06
AT>GA	1.12E-06	1.81E-06	9.27E-07	1.96E-06
AT>GC	1.12E-06	1.81E-06	9.27E-07	1.96E-06
AT>TA	1.12E-06	1.81E-06	9.27E-07	1.96E-06
CC>AA	6.09E-03	2.32E-02	3.18E-03	3.73E-03
CC>AG	1.12E-06	1.81E-06	9.27E-07	1.96E-06
CC>AT	1.12E-06	1.81E-06	9.27E-07	1.96E-06
CC>GA	1.12E-06	1.81E-06	9.27E-07	1.96E-06
CC>GG	1.12E-06	1.81E-06	9.27E-07	1.96E-06
CC>GT	5.13E-03	1.59E-02	7.75E-03	3.22E-02
CC>TA	1.12E-06	1.81E-06	9.27E-07	1.96E-06
CC>TG	1.12E-06	1.81E-06	9.27E-07	1.96E-06
CC>TT	1.12E-06	1.81E-06	9.27E-07	1.96E-06
CG>AT	1.12E-06	1.81E-06	9.27E-07	1.96E-06
CG>GC	1.12E-06	1.81E-06	9.27E-07	1.96E-06
CG>GT	1.12E-06	1.81E-06	9.27E-07	1.96E-06
CG>TA	1.12E-06	1.81E-06	9.27E-07	1.96E-06
CG>TC	1.12E-06	1.81E-06	9.27E-07	1.96E-06
CG>TT	1.12E-06	1.81E-06	9.27E-07	1.96E-06
CT>AA	1.12E-06	1.81E-06	9.27E-07	1.96E-06
CT>AC	1.12E-06	1.81E-06	9.27E-07	1.96E-06
CT>AG	1.12E-06	1.81E-06	9.27E-07	1.96E-06
CT>GA	1.12E-06	1.81E-06	9.27E-07	1.96E-06
CT>GC	1.12E-06	1.81E-06	9.27E-07	1.96E-06
CT>GG	2.43E-03	3.89E-03	4.96E-03	2.79E-02
CT>TA	4.68E-03	1.26E-02	3.65E-02	1.19E-02
CT>TC	5.84E-03	9.88E-03	3.60E-02	2.43E-02
CT>TG	1.12E-06	1.81E-06	9.27E-07	1.96E-06
GC>AA	1.10E-02	8.80E-03	3.31E-06	9.92E-03
GC>AG	1.12E-06	1.81E-06	9.27E-07	1.96E-06
GC>AT	1.12E-06	1.81E-06	9.27E-07	1.96E-06
GC>CA	1.12E-06	1.81E-06	9.27E-07	1.96E-06
GC>CG	1.12E-06	1.81E-06	9.27E-07	1.96E-06
GC>TA	1.12E-06	1.81E-06	9.27E-07	1.96E-06
TA>AT	1.12E-06	1.81E-06	9.27E-07	1.96E-06
TA>CG	1.12E-06	1.81E-06	9.27E-07	1.96E-06
TA>CT	1.12E-06	1.81E-06	9.27E-07	1.96E-06
TA>GC	1.12E-06	1.81E-06	9.27E-07	1.96E-06
TA>GG	1.12E-06	1.81E-06	9.27E-07	1.96E-06
TA>GT	1.12E-06	1.81E-06	9.27E-07	1.96E-06
TC>AA	1.12E-06	1.81E-06	9.27E-07	1.96E-06
TC>AG	1.12E-06	1.81E-06	9.27E-07	1.96E-06
TC>AT	1.12E-06	1.81E-06	9.27E-07	1.96E-06
TC>CA	1.12E-06	1.81E-06	9.27E-07	1.96E-06
TC>CG	1.12E-06	1.81E-06	9.27E-07	1.96E-06
TC>CT	1.12E-06	1.81E-06	9.27E-07	1.96E-06
TC>GA	1.12E-06	1.81E-06	9.27E-07	1.96E-06
TC>GG	1.12E-06	1.81E-06	9.27E-07	1.96E-06
TC>GT	1.12E-06	1.81E-06	9.27E-07	1.96E-06
TG>AA	1.12E-06	1.81E-06	9.27E-07	1.96E-06
TG>AC	1.12E-06	1.81E-06	9.27E-07	1.96E-06
TG>AT	1.12E-06	1.81E-06	9.27E-07	1.96E-06
TG>CA	1.12E-06	1.81E-06	9.27E-07	1.96E-06
TG>CC	1.12E-06	1.81E-06	9.27E-07	1.96E-06
TG>CT	1.12E-06	1.81E-06	9.27E-07	1.96E-06
TG>GA	1.12E-06	1.81E-06	9.27E-07	1.96E-06
TG>GC	1.12E-06	1.81E-06	9.27E-07	1.96E-06
TG>GT	1.12E-06	1.81E-06	9.27E-07	1.96E-06
TT>AA	1.12E-06	1.81E-06	9.27E-07	1.96E-06
TT>AC	1.12E-06	1.81E-06	9.27E-07	1.96E-06
TT>AG	1.12E-06	1.81E-06	9.27E-07	1.96E-06
TT>CA	1.12E-06	1.81E-06	9.27E-07	1.96E-06
TT>CC	1.12E-06	1.81E-06	9.27E-07	1.96E-06
TT>CG	1.12E-06	1.81E-06	9.27E-07	1.96E-06
TT>GA	1.12E-06	1.81E-06	9.27E-07	1.96E-06
TT>GC	1.12E-06	1.81E-06	9.27E-07	1.96E-06
TT>GG	1.12E-06	1.81E-06	9.27E-07	1.96E-06
