MutationType	DBS78A	DBS78B	DBS78C	DBS78D
AC>CA	8.761824861721834e-05	4.4081022169848436e-05	9.794572055398021e-05	6.299240881912028e-05
AC>CG	8.761824861721834e-05	4.4081022169848436e-05	9.794572055398021e-05	6.299240881924462e-05
AC>CT	8.761824861721834e-05	4.4081022169848436e-05	9.794572055398021e-05	6.29924088192535e-05
AC>GA	8.761824861721834e-05	4.4081022169848436e-05	9.794572055398021e-05	6.299240881882718e-05
AC>GG	8.761824861721834e-05	4.4081022169848436e-05	9.794572055398021e-05	6.299240881808999e-05
AC>GT	8.761824861721834e-05	4.4081022169848436e-05	9.794572055398021e-05	6.299240879502399e-05
AC>TA	8.761824861721834e-05	4.4081022169848436e-05	9.794572055398021e-05	6.299240881912028e-05
AC>TG	0.027480450492014225	0.03437757308730551	0.29284449863416506	0.13213457393549252
AC>TT	8.761824861721834e-05	4.4081022169848436e-05	9.794572055398021e-05	6.299240881880941e-05
AT>CA	8.761824861721834e-05	4.4081022169848436e-05	9.794572055398021e-05	6.299240881912915e-05
AT>CC	8.761824861721834e-05	4.4081022169848436e-05	9.794572055398021e-05	6.299240881910251e-05
AT>CG	8.761824861721834e-05	4.4081022169848436e-05	9.794572055398021e-05	6.299240881802781e-05
AT>GA	8.761824861721834e-05	4.4081022169848436e-05	9.794572055398021e-05	6.299240881877389e-05
AT>GC	8.761824861721834e-05	4.4081022169848436e-05	9.794572055398021e-05	6.299240881880941e-05
AT>TA	8.761824861721834e-05	4.4081022169848436e-05	9.794572055398021e-05	6.299240881777024e-05
CC>AA	0.010667202247622149	0.7267409691432113	0.004561475818389238	0.006529096781412267
CC>AG	8.761824861721834e-05	4.4081022169848436e-05	9.794572055398021e-05	6.299240881846302e-05
CC>AT	8.761824861721834e-05	4.4081022169848436e-05	9.794572062673978e-05	6.299240878872681e-05
CC>GA	8.761824861721834e-05	4.4081022169848436e-05	9.794572055398021e-05	6.299240881910251e-05
CC>GG	8.761824861721834e-05	4.4081022169848436e-05	9.794572055398021e-05	6.299240881959101e-05
CC>GT	0.008495543957252286	0.12696315984498951	0.011040891073460233	0.3846702557485696
CC>TA	8.761824861721834e-05	4.4081022169848436e-05	9.794572055398021e-05	6.299240881882718e-05
CC>TG	8.761824861721834e-05	4.4081022169848436e-05	9.794572055398021e-05	6.299240881910251e-05
CC>TT	8.761824861721834e-05	4.4081022169848436e-05	9.794572055398021e-05	6.299240881880941e-05
CG>AT	8.761824861721834e-05	4.4081022169848436e-05	9.794572055398021e-05	6.29924088185252e-05
CG>GC	8.761824861721834e-05	4.4081022169848436e-05	9.794572055398021e-05	6.299240881911139e-05
CG>GT	8.761824861721834e-05	4.4081022169848436e-05	9.794572055398021e-05	6.299240881904033e-05
CG>TA	8.761824861721834e-05	4.4081022169848436e-05	9.794572055398021e-05	6.299240881956437e-05
CG>TC	8.761824861721834e-05	4.4081022169848436e-05	9.794572055398021e-05	6.299240881873835e-05
CG>TT	8.761824861721834e-05	4.4081022169848436e-05	9.794572055398021e-05	6.299240881903145e-05
CT>AA	8.761824861721834e-05	4.4081022169848436e-05	9.794572055398021e-05	6.299240881838309e-05
CT>AC	8.761824861721834e-05	4.4081022169848436e-05	9.794572055398021e-05	6.299240881848966e-05
CT>AG	8.761824861721834e-05	4.4081022169848436e-05	9.794572055398021e-05	6.299240881911139e-05
CT>GA	8.761824861721834e-05	4.4081022169848436e-05	9.794572055398021e-05	6.299240881956437e-05
CT>GC	8.761824861721834e-05	4.4081022169848436e-05	9.794572055398021e-05	6.299240881910251e-05
CT>GG	0.003456907949908779	0.008525870696029149	0.00503277077606612	0.2890367876761957
CT>TA	0.0127078487391661	0.04010783263572392	0.3668007528309818	0.054751219310159256
CT>TC	0.02023225172802125	0.033166906811819115	0.31268647680439504	0.11843797329102229
CT>TG	8.761824861721834e-05	4.4081022169848436e-05	9.794572055398021e-05	6.299240881912028e-05
GC>AA	0.9107388508319855	0.026987945999072373	7.897344209853242e-05	0.009967586299070796
GC>AG	8.761824861721834e-05	4.4081022169848436e-05	9.794572055398021e-05	6.299240881880941e-05
GC>AT	8.761824861721834e-05	4.4081022169848436e-05	9.794572055398021e-05	6.299240881907586e-05
GC>CA	8.761824861721834e-05	4.4081022169848436e-05	9.794572055398021e-05	6.299240881911139e-05
GC>CG	8.761824861721834e-05	4.4081022169848436e-05	9.794572055398021e-05	6.299240881956437e-05
GC>TA	8.761824861721834e-05	4.4081022169848436e-05	9.794572055398021e-05	6.2992408818765e-05
TA>AT	8.761824861721834e-05	4.4081022169848436e-05	9.794572055398021e-05	6.299240881779689e-05
TA>CG	8.761824861721834e-05	4.4081022169848436e-05	9.794572055398021e-05	6.299240881912028e-05
TA>CT	8.761824861721834e-05	4.4081022169848436e-05	9.794572055398021e-05	6.299240881807222e-05
TA>GC	8.761824868997791e-05	4.4081022169848436e-05	9.794572062673978e-05	6.299240868343326e-05
TA>GG	8.761824861721834e-05	4.4081022169848436e-05	9.794572055398021e-05	6.299240881807222e-05
TA>GT	8.761824861721834e-05	4.4081022169848436e-05	9.794572055398021e-05	6.299240881872948e-05
TC>AA	8.761824861721834e-05	4.4081022169848436e-05	9.794572055398021e-05	6.299240881879164e-05
TC>AG	8.761824861721834e-05	4.4081022169848436e-05	9.794572055398021e-05	6.299240881880941e-05
TC>AT	8.761824861721834e-05	4.4081022169848436e-05	9.794572055398021e-05	6.299240881224577e-05
TC>CA	8.761824861721834e-05	4.4081022169848436e-05	9.794572055398021e-05	6.299240881770806e-05
TC>CG	8.761824861721834e-05	4.4081022169848436e-05	9.794572055398021e-05	6.299240881872059e-05
TC>CT	8.761824861721834e-05	4.4081022169848436e-05	9.794572055398021e-05	6.2992408818765e-05
TC>GA	8.761824861721834e-05	4.4081022169848436e-05	9.794572055398021e-05	6.299240881812551e-05
TC>GG	8.761824861721834e-05	4.4081022169848436e-05	9.794572055398021e-05	6.299240881910251e-05
TC>GT	8.761824861721834e-05	4.4081022169848436e-05	9.794572055398021e-05	6.299240881887159e-05
TG>AA	8.761824861721834e-05	4.4081022169848436e-05	9.794572055398021e-05	6.299240881880053e-05
TG>AC	8.761824861721834e-05	4.4081022169848436e-05	9.794572055398021e-05	6.299240881924462e-05
TG>AT	8.761824861721834e-05	4.4081022169848436e-05	9.794572055398021e-05	6.2992408818765e-05
TG>CA	8.761824861721834e-05	4.4081022169848436e-05	9.794572055398021e-05	6.299240881666002e-05
TG>CC	8.761824861721834e-05	4.4081022169848436e-05	9.794572055398021e-05	6.299240881880053e-05
TG>CT	8.761824861721834e-05	4.4081022169848436e-05	9.794572055398021e-05	6.299240881959101e-05
TG>GA	8.761824861721834e-05	4.4081022169848436e-05	9.794572055398021e-05	6.299240881880941e-05
TG>GC	8.761824861721834e-05	4.4081022169848436e-05	9.794572055398021e-05	6.299240881879164e-05
TG>GT	8.761824861721834e-05	4.4081022169848436e-05	9.794572055398021e-05	6.299240881911139e-05
TT>AA	8.761824861721834e-05	4.4081022169848436e-05	9.794572055398021e-05	6.2992408818765e-05
TT>AC	8.761824861721834e-05	4.4081022169848436e-05	9.794572055398021e-05	6.299240881848966e-05
TT>AG	8.761824861721834e-05	4.4081022169848436e-05	9.794572055398021e-05	6.299240881887159e-05
TT>CA	8.761824861721834e-05	4.4081022169848436e-05	9.794572055398021e-05	6.299240881596724e-05
TT>CC	8.761824861721834e-05	4.4081022169848436e-05	9.794572055398021e-05	6.299240881911139e-05
TT>CG	8.761824861721834e-05	4.4081022169848436e-05	9.794572055398021e-05	6.299240881588731e-05
TT>GA	8.761824861721834e-05	4.4081022169848436e-05	9.794572055398021e-05	6.299240881880053e-05
TT>GC	8.761824861721834e-05	4.408102224260802e-05	9.794572040846106e-05	6.29924090318923e-05
TT>GG	8.761824861721834e-05	4.408102224260802e-05	9.794572033570149e-05	6.299240903298475e-05
