MutationType	DBS78A	DBS78B	DBS78C	DBS78D
AC>CA	2.18E-07	3.09E-07	3.03E-07	3.72E-07
AC>CG	2.18E-07	3.09E-07	3.03E-07	3.72E-07
AC>CT	2.18E-07	3.09E-07	3.03E-07	3.72E-07
AC>GA	2.18E-07	3.09E-07	3.03E-07	3.72E-07
AC>GG	2.18E-07	3.09E-07	3.03E-07	3.72E-07
AC>GT	2.18E-07	3.09E-07	3.03E-07	3.72E-07
AC>TA	2.08E-03	2.43E-03	5.04E-07	3.36E-03
AC>TG	2.18E-07	3.09E-07	3.03E-07	3.72E-07
AC>TT	2.03E-03	4.99E-04	3.16E-03	1.35E-03
AT>CA	2.18E-07	3.09E-07	3.03E-07	3.72E-07
AT>CC	2.18E-07	3.09E-07	3.03E-07	3.72E-07
AT>CG	2.18E-07	3.09E-07	3.03E-07	3.72E-07
AT>GA	2.18E-07	3.09E-07	3.03E-07	3.72E-07
AT>GC	2.18E-07	3.09E-07	3.03E-07	3.72E-07
AT>TA	1.04E-03	1.82E-03	3.66E-03	4.15E-03
CC>AA	1.63E-02	2.16E-02	1.93E-02	1.03E-02
CC>AG	4.17E-03	1.42E-02	4.08E-03	1.02E-02
CC>AT	6.89E-03	2.78E-03	1.50E-02	1.07E-02
CC>GA	3.74E-03	4.07E-03	2.32E-03	4.98E-03
CC>GG	2.18E-07	3.09E-07	3.03E-07	3.72E-07
CC>GT	1.66E-03	3.65E-03	2.13E-03	3.58E-03
CC>TA	2.74E-03	3.15E-03	3.74E-03	4.28E-03
CC>TG	2.18E-07	3.09E-07	3.03E-07	3.72E-07
CC>TT	2.16E-03	5.53E-03	2.72E-03	1.61E-02
CG>AT	8.43E-04	4.50E-03	2.25E-03	3.78E-03
CG>GC	8.99E-04	1.91E-03	1.99E-03	5.65E-03
CG>GT	1.42E-03	2.99E-03	3.29E-03	4.12E-03
CG>TA	2.18E-07	3.09E-07	3.03E-07	3.72E-07
CG>TC	2.18E-07	3.09E-07	3.03E-07	3.72E-07
CG>TT	4.83E-03	5.51E-03	9.25E-03	6.93E-03
CT>AA	8.47E-03	5.75E-03	7.86E-03	4.89E-03
CT>AC	2.18E-07	3.09E-07	3.03E-07	3.72E-07
CT>AG	2.56E-03	6.23E-03	3.59E-03	7.38E-03
CT>GA	2.18E-07	3.09E-07	3.03E-07	3.72E-07
CT>GC	2.18E-07	3.09E-07	3.03E-07	3.72E-07
CT>GG	2.18E-07	3.09E-07	3.03E-07	3.72E-07
CT>TA	2.23E-03	2.88E-03	1.76E-03	8.18E-03
CT>TC	2.18E-07	3.09E-07	3.03E-07	3.72E-07
CT>TG	2.18E-07	3.09E-07	3.03E-07	3.72E-07
GC>AA	4.16E-03	6.67E-03	7.21E-03	1.07E-02
GC>AG	2.18E-07	3.09E-07	3.03E-07	3.72E-07
GC>AT	2.18E-07	3.09E-07	3.03E-07	3.72E-07
GC>CA	1.11E-03	2.59E-03	2.97E-03	9.35E-04
GC>CG	2.18E-07	3.09E-07	3.03E-07	3.72E-07
GC>TA	2.18E-07	3.09E-07	3.03E-07	3.72E-07
TA>AT	2.18E-07	3.09E-07	3.03E-07	3.72E-07
TA>CG	2.18E-07	3.09E-07	3.03E-07	3.72E-07
TA>CT	2.18E-07	3.09E-07	3.03E-07	3.72E-07
TA>GC	2.18E-07	3.09E-07	3.03E-07	3.72E-07
TA>GG	2.18E-07	3.09E-07	3.03E-07	3.72E-07
TA>GT	2.18E-07	3.09E-07	3.03E-07	3.72E-07
TC>AA	3.11E-03	4.24E-03	3.75E-03	5.62E-03
TC>AG	1.79E-03	1.89E-03	1.53E-03	4.58E-03
TC>AT	2.52E-03	2.41E-03	2.86E-03	2.86E-03
TC>CA	1.70E-03	4.28E-03	3.08E-03	3.52E-03
TC>CG	2.18E-07	3.09E-07	3.03E-07	3.72E-07
TC>CT	2.04E-03	1.57E-03	2.78E-03	2.88E-03
TC>GA	2.18E-07	3.09E-07	3.03E-07	3.72E-07
TC>GG	2.18E-07	3.09E-07	3.03E-07	3.72E-07
TC>GT	2.18E-07	3.09E-07	3.03E-07	3.72E-07
TG>AA	2.59E-03	1.74E-03	7.00E-03	6.68E-03
TG>AC	2.18E-07	3.09E-07	3.03E-07	3.72E-07
TG>AT	1.95E-03	2.02E-03	4.15E-03	9.58E-03
TG>CA	2.18E-07	3.09E-07	3.03E-07	3.72E-07
TG>CC	2.18E-07	3.09E-07	3.03E-07	3.72E-07
TG>CT	3.50E-03	4.44E-03	8.33E-03	8.55E-03
TG>GA	2.18E-07	3.09E-07	3.03E-07	3.72E-07
TG>GC	2.18E-07	3.09E-07	3.03E-07	3.72E-07
TG>GT	2.18E-07	3.09E-07	3.03E-07	3.72E-07
TT>AA	2.18E-07	3.09E-07	3.03E-07	3.72E-07
TT>AC	2.18E-07	3.09E-07	3.03E-07	3.72E-07
TT>AG	1.64E-03	1.60E-03	2.20E-03	1.76E-03
TT>CA	2.18E-07	3.09E-07	3.03E-07	3.72E-07
TT>CC	2.18E-07	3.09E-07	3.03E-07	3.72E-07
TT>CG	2.18E-07	3.09E-07	3.03E-07	3.72E-07
TT>GA	2.18E-07	3.09E-07	3.03E-07	3.72E-07
TT>GC	2.18E-07	3.09E-07	3.03E-07	3.72E-07
TT>GG	2.18E-07	3.09E-07	3.03E-07	3.72E-07
