MutationType	DBS78A	DBS78B	DBS78C	DBS78D	DBS78E	DBS78F	DBS78G	DBS78H
AC>CA	0.0006021866432875957	8.717445670907154e-05	8.233443215672086e-05	4.743488209794314e-05	0.0002247541128743484	9.512726014359208e-05	0.00023108181434054132	0.0005073513249864159
AC>CG	0.0006020339438989869	8.74205458258892e-05	8.243065869011673e-05	4.7630795318232e-05	0.00022509638411270027	9.59690180902923e-05	0.00023108210628379312	0.0004913214438158908
AC>CT	0.0006029698727999125	8.730197509938975e-05	8.236330646799108e-05	4.765704276224964e-05	0.00022839102827919755	9.568252067057332e-05	0.00023105232734678792	0.0004969452165163865
AC>GA	0.0006016958205132803	8.731285647442633e-05	8.251528493155153e-05	4.844565392510143e-05	0.0002246432907944897	9.558752821184075e-05	0.00023108305270397978	0.0004955600993304016
AC>GG	0.0006014864966944833	8.734796566441717e-05	8.252586194783703e-05	4.775692860460777e-05	0.00022493293334827725	9.565382083119273e-05	0.0002310832746888991	0.0004953256011446229
AC>GT	0.0006019499635693479	8.73327427277637e-05	8.242767356166077e-05	4.7210396735167685e-05	0.00022988094611924666	9.587298151625845e-05	0.00023108004369078118	0.0004954652040069219
AC>TA	0.0006030780712670387	8.743639152360316e-05	8.22839096415005e-05	4.817751562118428e-05	0.00022462452451132306	9.577622505889754e-05	0.00023108268705072986	0.0004958208383194308
AC>TG	0.009797393968704732	0.0020039959828503017	1.5089672443932946e-05	1.7675024989610126e-05	4.4275090112548796e-05	0.9067547067999842	4.516949130805997e-05	0.019691803299028525
AC>TT	0.0006023748503612542	8.738246473312117e-05	8.233806649596844e-05	4.7610830101945427e-05	0.0002274639715147999	9.547167542886863e-05	0.0002310828352437966	0.0004968703689838383
AT>CA	0.0006017850142052872	8.741986129807699e-05	8.241215522926822e-05	4.7004291214019085e-05	0.00022676385198428948	9.525218329855062e-05	0.00023108064738607936	0.0004992610724645683
AT>CC	0.0006019463276123759	8.735716611493416e-05	8.244650773559889e-05	4.698673282310023e-05	0.00022829496884757452	9.519209535666234e-05	0.00023108059524474812	0.0005017823184185732
AT>CG	0.000602167863395528	8.731443097451219e-05	8.242558154395809e-05	4.823149938613669e-05	0.000223801558200001	9.600462165017143e-05	0.00023105825559014193	0.0004902745343888624
AT>GA	0.0006020062016098593	8.738028143055131e-05	8.24791852740572e-05	4.850856965059918e-05	0.00022660009208437385	9.56995029035177e-05	0.00023107351941689558	0.0004931711500592985
AT>GC	0.0006029822356897161	8.748130255376906e-05	8.231710742126237e-05	4.759139308493243e-05	0.00022448179450804275	9.573164095293574e-05	0.000231079892141679	0.0004926838868895116
AT>TA	0.0006013539841148628	8.739288458921024e-05	8.258166395999189e-05	4.7743702499341197e-05	0.0002272508979207085	9.571630343973042e-05	0.0002310824061578387	0.00049454350492242
CC>AA	0.5219618669861377	2.2002617859687462e-05	0.9906597465276719	0.009084132103652866	0.013369256243746274	0.0005830935582375025	0.03987369282787826	0.08625742580562427
CC>AG	0.0006020868546060423	8.736216194654033e-05	8.244927010826098e-05	4.7749228049460256e-05	0.00022630720631091963	9.595056922470895e-05	0.00023108374161893153	0.0004888093621519701
CC>AT	0.0006031174071497348	8.738935576145579e-05	8.222243481721563e-05	4.787635282368572e-05	0.0002295113596434164	9.580079601162972e-05	0.00023108285130547302	0.000494631951781961
CC>GA	0.0006023573916814967	8.740987742758221e-05	8.234684816773581e-05	4.7396319084853705e-05	0.00022475210875485673	9.564136311630389e-05	0.00023108314419005184	0.0004957937120888
CC>GG	0.0006015398434456829	8.713003841714695e-05	8.253750571900472e-05	4.802129289715006e-05	0.00022621493405604814	9.61181598640548e-05	0.0002310782887707319	0.000489928257830079
CC>GT	0.2609667749278673	3.407316492657475e-05	0.003366361910804458	0.559101745717835	0.04646646251568241	0.009541336741654667	0.010065681967210242	0.02888239193447402
CC>TA	0.0006020639435641349	8.743188651138212e-05	8.242708975525268e-05	4.8443720927477604e-05	0.0002249407426454271	9.597886204166351e-05	0.00023108350316761061	0.00048763820985504527
CC>TG	0.0006028192160259846	8.731328815363426e-05	8.225582295946173e-05	4.770181666348301e-05	0.000225134189018397	9.570896741605078e-05	0.00023107170099592622	0.0004969352688668889
CC>TT	0.0006017616219416767	8.716841253766816e-05	8.24217530214424e-05	4.809717955515827e-05	0.00022514444934508928	9.590571474268394e-05	0.0002310811764209575	0.0004944619579443214
CG>AT	0.0006034226694477419	8.735417025855341e-05	8.214593198267842e-05	4.892475532423128e-05	0.00022788055388876834	9.573390340800154e-05	0.000231078455090028	0.0005017987087420249
CG>GC	0.0006024901279579314	8.708723759678349e-05	8.240106958615121e-05	4.784928575680898e-05	0.00022682807428880562	9.572521837044268e-05	0.0002310824807091194	0.0004970332256492376
CG>GT	0.0006029589548678032	8.742900865275515e-05	8.234573050069037e-05	4.7551511837257866e-05	0.00022821231982590208	9.52347059503078e-05	0.00023108255259103317	0.0004988937203833218
CG>TA	0.0006019501268072705	8.725557057594813e-05	8.2383444428714e-05	4.853255590112616e-05	0.00022608721944216833	9.619434454702036e-05	0.0002310816085218903	0.0004921613978083996
CG>TC	0.0006027222459801533	8.717719384758738e-05	8.225803776433269e-05	4.740099808151122e-05	0.0002309553989633871	9.580956058507221e-05	0.00023108352652343456	0.0004948689263532999
CG>TT	0.0006025412962666312	8.737167079068797e-05	8.242244357575683e-05	4.761387235718989e-05	0.0002257989331645387	9.53958317134207e-05	0.00023108266509552777	0.0004940790984517031
CT>AA	0.0006022242375398879	8.731903756974191e-05	8.240103359655426e-05	4.834567713728785e-05	0.00022553384340366043	9.584204314640688e-05	0.0002310836580409159	0.0004889959284201255
CT>AC	0.0006027576309306403	8.723713278431689e-05	8.229297406615986e-05	4.744191807991059e-05	0.0002260702924165239	9.55728158366003e-05	0.00023108295466045092	0.0004975076471834526
CT>AG	0.0006016007111500981	8.735888424778793e-05	8.248480395507269e-05	4.852255920993366e-05	0.00022525666243340036	9.557379874675004e-05	0.00023108201452487265	0.0004929043092398608
CT>GA	0.0006020453622981131	8.734190770738337e-05	8.23510704084583e-05	4.8055652414559666e-05	0.0002258108108665173	9.575763366382023e-05	0.0002310834641002657	0.0004939571651852552
CT>GC	0.000602087692108082	8.735086782875712e-05	8.25160034651323e-05	4.738899811677963e-05	0.00023002863067975006	9.574763336966108e-05	0.00023108203600259004	0.0004961298862284683
CT>GG	0.0004432565648826568	4.948125896377229e-05	4.619788919544913e-05	0.4145331038456848	0.025670854343982984	6.958917068616219e-05	0.013478686189459304	0.045772529721877835
CT>TA	0.00038183445619950184	2.3013073514611724e-05	1.0207726168176391e-05	0.0066555391116885805	0.7943596748367264	0.05298205580865368	0.034817130576545105	0.00029793960233553724
CT>TC	5.350380187832553e-05	2.2110137130528294e-05	1.0926891904185273e-05	0.006652864461969379	5.8003969243922217e-05	0.023210324646846168	0.8751601410386463	0.00022080412630418077
CT>TG	0.0006022216767720005	8.742715032726167e-05	8.240774596884751e-05	4.777203870854358e-05	0.00022689508504911853	9.555745792759362e-05	0.00023108303421849995	0.0004948760212631269
GC>AA	0.16363465268206887	0.9916450464725495	4.275043956598812e-05	0.0005554228369012095	0.10395712273285054	6.481485924328169e-05	0.010152435116031415	0.7837056496156566
GC>AG	0.0006019413929960453	8.737981312266996e-05	8.236000549936915e-05	4.7503590217335254e-05	0.00022619020631817823	9.555566721694588e-05	0.00023108329645310733	0.0004935688252814978
GC>AT	0.0006029907299034517	8.729528202273684e-05	8.223964871809996e-05	4.844498988475825e-05	0.0002248378672490588	9.573352665463997e-05	0.00023108241921818262	0.0004941824025408505
GC>CA	0.0006017101316742033	8.722782837562448e-05	8.250988769115103e-05	4.840199667823597e-05	0.00022579905618778817	9.549135352234367e-05	0.00023108238382064884	0.00049785592834882
GC>CG	0.0006014122936771285	8.731244006435546e-05	8.256678205283042e-05	4.757331905093863e-05	0.00022491794959961974	9.5578745705307e-05	0.0002310807607136667	0.0004996444307023231
GC>TA	0.0006020413796933418	8.729252465832005e-05	8.240784380204806e-05	4.811389291504053e-05	0.0002270141593230992	9.60610775989884e-05	0.00023108305018922692	0.0004922533951530971
TA>AT	0.0006015696982565883	8.738923072360904e-05	8.24754963924826e-05	4.7619514644467714e-05	0.0002260508005525242	9.584617760892255e-05	0.00023108356294414988	0.0004926925234904095
TA>CG	0.0006016760959556653	8.73385688902495e-05	8.24498889517276e-05	4.854065276622017e-05	0.00022870784636115862	9.549664797333656e-05	0.00023108249152301141	0.0004957328897984345
TA>CT	0.0006023905265925789	8.728272094982615e-05	8.2454538945579e-05	4.9500869118036746e-05	0.00022496471576721505	9.571755208338472e-05	0.00023105159551732867	0.0004935876611496427
TA>GC	0.000603411828970622	8.734194718556409e-05	8.21254662251714e-05	4.7898986067665876e-05	0.00022690306285357692	9.586297110022901e-05	0.00023108365542157117	0.0004921878581220972
TA>GG	0.0006022800425150816	8.726838657933555e-05	8.236520479163757e-05	4.7851356078105356e-05	0.00022477319323340635	9.579343151551345e-05	0.00023108328705802704	0.0004964341291923892
TA>GT	0.0006020000680457332	8.735360221294286e-05	8.242155728819412e-05	4.750678676265677e-05	0.0002318984309495659	9.607785398393326e-05	0.00023108380937628681	0.0004873432066177149
TC>AA	0.0006024230172938376	8.73520455350807e-05	8.234021016160481e-05	4.7293010815093046e-05	0.00022613148784053866	9.535333502742909e-05	0.00023108250008135655	0.0004995931549479761
TC>AG	0.0006013734287092325	8.748852285989983e-05	8.25277649915563e-05	4.730969135504031e-05	0.00022464988665273495	9.542497029043695e-05	0.00023108239928660624	0.0004958509833553986
TC>AT	0.0006022449869044905	8.729278368477367e-05	8.24025223110589e-05	4.818728292699161e-05	0.00022658975105559372	9.59108841768952e-05	0.00023108206854431047	0.0004938459826855994
TC>CA	0.0006016871406024176	8.745051298152618e-05	8.241983413889649e-05	4.740073180085028e-05	0.0002257429024707712	9.580848554902044e-05	0.00023108261660581775	0.000494491151584279
TC>CG	0.0006032784306499387	8.69570876989556e-05	8.21860171138164e-05	4.8893708945166537e-05	0.00022644471971046333	9.533828041393577e-05	0.000231074840785368	0.0005031551364666887
TC>CT	0.0006022546757737923	8.733357001375453e-05	8.241014992213653e-05	4.823079329618223e-05	0.0002246865054688173	9.642513175755596e-05	0.0002310825915674286	0.0004929981326187954
TC>GA	0.0006037806378277121	8.747669192025853e-05	8.202029130831383e-05	4.8572153557420355e-05	0.00022600415017150932	9.560421665540302e-05	0.0002310810245671746	0.0004963673433881603
TC>GG	0.0006028833740583848	8.729941604428858e-05	8.239793490154392e-05	4.788768601571054e-05	0.0002260542475309244	9.55989447874167e-05	0.00023108300084913935	0.0004956648797999807
TC>GT	0.0006014049131546076	8.725334564699594e-05	8.2578843742897e-05	4.791938586063307e-05	0.0002251392543428901	9.530849657097773e-05	0.00023108263556878228	0.0004983243017479093
TG>AA	0.0006031051190326039	8.74417790305948e-05	8.226068145620715e-05	4.798259168877569e-05	0.00022751704474961238	9.515315809589642e-05	0.00023108231257538137	0.0005033920331295621
TG>AC	0.0006025773729685018	8.711726164799316e-05	8.226679097915445e-05	4.7868093938876266e-05	0.00022792094046176172	9.535789048107569e-05	0.00023107903777145112	0.0005022847475667849
TG>AT	0.0006016474560960213	8.746996343738544e-05	8.252778934788933e-05	4.6471019186712484e-05	0.0002269542606258726	9.592860726086588e-05	0.00023108350777874875	0.0004926536135228988
TG>CA	0.0006024442198722341	8.736245310492663e-05	8.235101112365129e-05	4.833464425308824e-05	0.00022897717693898235	9.559395053724052e-05	0.00023108292957203956	0.0004926896857138046
TG>CC	0.0006020758332015161	8.737689343805144e-05	8.238877564152487e-05	4.8779798323975965e-05	0.00022362580792031545	9.54925792546013e-05	0.00023108196122848313	0.0004983852214680046
TG>CT	0.000602314075741037	8.748276076918415e-05	8.243198280718863e-05	4.7659686303414204e-05	0.00022854829549307613	9.571003451259954e-05	0.00023107674783204857	0.0004884506155820155
TG>GA	0.0006014943853703627	8.731955583668238e-05	8.254297230750008e-05	4.7108055675950704e-05	0.00022595941408783438	9.524419853439935e-05	0.00023106770616323046	0.0005016883947972651
TG>GC	0.0006015211150525258	8.724305969826318e-05	8.252281179414969e-05	4.711781329023786e-05	0.00022481759315101996	9.546782028978518e-05	0.00023108245814910334	0.0005013610910592832
TG>GT	0.0006024017740077312	8.746789734196624e-05	8.240195991771743e-05	4.702524703598829e-05	0.00022710324670749155	9.537527831676217e-05	0.00023108198762656685	0.0004968066893917298
TT>AA	0.0006024313644051619	8.73148677571578e-05	8.242991342299781e-05	4.780663823070113e-05	0.0002266505736057211	9.570640437530808e-05	0.0002310828348481664	0.0004918850533420699
TT>AC	0.0006034394462558161	8.732946274536246e-05	8.209425629245906e-05	4.825232633532352e-05	0.00022406359155998398	9.586128646518267e-05	0.00023108359921025112	0.0004936050882104018
TT>AG	0.000602985463712011	8.729700599483081e-05	8.228164524475095e-05	4.8397710405655645e-05	0.00022493589789017782	9.590523879877966e-05	0.00023108355397198467	0.0004895170694195635
TT>CA	0.0006028880368035665	8.716148797889289e-05	8.223789367822965e-05	4.8319747063492695e-05	0.00022705617887930026	9.598661658638208e-05	0.0002310825496351754	0.0004910534033776486
TT>CC	0.0006015794664718888	8.729492014431629e-05	8.243178361692426e-05	4.7693381270757634e-05	0.00022478044912830762	9.597627731593214e-05	0.00023108366763153755	0.0004912979482240742
TT>CG	0.000601645106686879	8.736563012048392e-05	8.25549750439014e-05	4.8482854128224644e-05	0.00022727246630936435	9.509272747577139e-05	0.00023108173504169828	0.0005036041192581349
TT>GA	0.0006022900987580679	8.718942561950272e-05	8.240359950194428e-05	4.811780070298954e-05	0.00022670394400607592	9.61149199096424e-05	0.00023108205590688158	0.0004927260082565094
TT>GC	0.0006019471156103825	8.73322123484499e-05	8.239486314107092e-05	4.776575085801442e-05	0.00022686809903251466	9.556882017414337e-05	0.00023108173346827242	0.0004981707815989726
TT>GG	0.0006024889345980877	8.74033931596152e-05	8.24351671539695e-05	4.698137032398551e-05	0.00022610815258849036	9.551781431654943e-05	0.00023106015355324418	0.000498438517875084
