MutationType	DBS78A	DBS78B	DBS78C	DBS78D	DBS78E	DBS78F	DBS78G	DBS78H
AC>CA	2.66E-04	4.04E-06	5.49E-06	1.95E-06	1.32E-04	1.90E-06	1.35E-04	2.24E-04
AC>CG	2.66E-04	4.04E-06	5.49E-06	1.95E-06	1.32E-04	1.71E-06	1.35E-04	2.23E-04
AC>CT	2.66E-04	4.04E-06	5.55E-06	1.86E-06	1.32E-04	1.70E-06	1.35E-04	2.23E-04
AC>GA	2.66E-04	4.04E-06	5.47E-06	1.89E-06	1.32E-04	1.74E-06	1.35E-04	2.23E-04
AC>GG	2.66E-04	4.04E-06	5.47E-06	1.86E-06	1.32E-04	1.71E-06	1.35E-04	2.23E-04
AC>GT	2.66E-04	4.04E-06	5.49E-06	1.90E-06	1.32E-04	1.62E-06	1.35E-04	2.23E-04
AC>TA	2.66E-04	4.04E-06	5.50E-06	2.08E-06	1.32E-04	1.67E-06	1.35E-04	2.23E-04
AC>TG	9.78E-03	1.99E-03	3.34E-06	2.49E-06	4.68E-06	2.04E-02	4.63E-06	1.36E-02
AC>TT	2.66E-04	4.04E-06	5.49E-06	1.85E-06	1.32E-04	1.77E-06	1.35E-04	2.23E-04
AT>CA	2.66E-04	4.04E-06	5.49E-06	1.85E-06	1.32E-04	1.84E-06	1.35E-04	2.24E-04
AT>CC	2.66E-04	4.04E-06	5.48E-06	1.87E-06	1.32E-04	1.87E-06	1.35E-04	2.24E-04
AT>CG	2.66E-04	4.04E-06	5.53E-06	1.83E-06	1.32E-04	1.61E-06	1.35E-04	2.23E-04
AT>GA	2.66E-04	4.04E-06	5.50E-06	1.95E-06	1.32E-04	1.72E-06	1.35E-04	2.23E-04
AT>GC	2.66E-04	4.04E-06	5.50E-06	1.96E-06	1.32E-04	1.71E-06	1.35E-04	2.23E-04
AT>TA	2.66E-04	4.04E-06	5.47E-06	1.99E-06	1.32E-04	1.72E-06	1.35E-04	2.23E-04
CC>AA	3.65E-02	3.84E-06	2.32E-03	6.85E-03	1.03E-02	5.21E-04	1.96E-02	2.35E-02
CC>AG	2.66E-04	4.04E-06	5.48E-06	1.84E-06	1.32E-04	1.70E-06	1.35E-04	2.23E-04
CC>AT	2.66E-04	4.04E-06	5.50E-06	1.87E-06	1.32E-04	1.63E-06	1.35E-04	2.23E-04
CC>GA	2.66E-04	4.04E-06	5.49E-06	1.89E-06	1.32E-04	1.74E-06	1.35E-04	2.23E-04
CC>GG	2.66E-04	4.04E-06	5.48E-06	1.82E-06	1.32E-04	1.66E-06	1.35E-04	2.23E-04
CC>GT	3.15E-02	4.14E-06	2.34E-03	3.49E-02	1.99E-02	9.48E-03	1.00E-02	1.09E-02
CC>TA	2.66E-04	4.04E-06	5.48E-06	1.85E-06	1.32E-04	1.71E-06	1.35E-04	2.24E-04
CC>TG	2.66E-04	4.04E-06	5.52E-06	1.84E-06	1.32E-04	1.71E-06	1.35E-04	2.23E-04
CC>TT	2.66E-04	4.04E-06	5.49E-06	1.95E-06	1.32E-04	1.69E-06	1.35E-04	2.23E-04
CG>AT	2.66E-04	4.04E-06	5.52E-06	2.00E-06	1.32E-04	1.68E-06	1.35E-04	2.24E-04
CG>GC	2.66E-04	4.04E-06	5.48E-06	1.95E-06	1.32E-04	1.72E-06	1.35E-04	2.23E-04
CG>GT	2.66E-04	4.04E-06	5.49E-06	1.88E-06	1.32E-04	1.85E-06	1.35E-04	2.24E-04
CG>TA	2.66E-04	4.04E-06	5.49E-06	1.95E-06	1.32E-04	1.54E-06	1.35E-04	2.23E-04
CG>TC	2.66E-04	4.04E-06	5.50E-06	1.91E-06	1.32E-04	1.72E-06	1.35E-04	2.23E-04
CG>TT	2.66E-04	4.04E-06	5.48E-06	1.86E-06	1.32E-04	1.79E-06	1.35E-04	2.24E-04
CT>AA	2.66E-04	4.04E-06	5.48E-06	1.80E-06	1.32E-04	1.70E-06	1.35E-04	2.23E-04
CT>AC	2.66E-04	4.04E-06	5.49E-06	1.89E-06	1.32E-04	1.73E-06	1.35E-04	2.23E-04
CT>AG	2.66E-04	4.04E-06	5.48E-06	1.90E-06	1.32E-04	1.74E-06	1.35E-04	2.24E-04
CT>GA	2.66E-04	4.04E-06	5.49E-06	1.89E-06	1.32E-04	1.72E-06	1.35E-04	2.23E-04
CT>GC	2.66E-04	4.04E-06	5.48E-06	1.92E-06	1.32E-04	1.65E-06	1.35E-04	2.23E-04
CT>GG	2.30E-04	4.97E-06	6.06E-06	3.44E-02	1.50E-02	3.94E-06	9.33E-03	1.99E-02
CT>TA	2.41E-04	4.69E-06	2.58E-06	4.67E-03	3.99E-02	1.52E-02	1.27E-02	2.15E-04
CT>TC	2.01E-05	4.34E-06	2.67E-06	4.67E-03	1.08E-05	1.03E-02	2.86E-02	1.03E-04
CT>TG	2.66E-04	4.04E-06	5.48E-06	1.86E-06	1.32E-04	1.75E-06	1.35E-04	2.23E-04
GC>AA	2.70E-02	2.01E-03	4.93E-06	4.76E-04	2.99E-02	3.95E-06	9.83E-03	3.74E-02
GC>AG	2.66E-04	4.04E-06	5.49E-06	1.82E-06	1.32E-04	1.76E-06	1.35E-04	2.23E-04
GC>AT	2.66E-04	4.04E-06	5.50E-06	1.90E-06	1.32E-04	1.72E-06	1.35E-04	2.23E-04
GC>CA	2.66E-04	4.04E-06	5.48E-06	1.90E-06	1.32E-04	1.76E-06	1.35E-04	2.23E-04
GC>CG	2.66E-04	4.04E-06	5.48E-06	1.87E-06	1.32E-04	1.72E-06	1.35E-04	2.23E-04
GC>TA	2.66E-04	4.04E-06	5.48E-06	1.95E-06	1.32E-04	1.56E-06	1.35E-04	2.23E-04
TA>AT	2.66E-04	4.04E-06	5.48E-06	1.87E-06	1.32E-04	1.69E-06	1.35E-04	2.23E-04
TA>CG	2.66E-04	4.04E-06	5.48E-06	2.02E-06	1.32E-04	1.77E-06	1.35E-04	2.23E-04
TA>CT	2.66E-04	4.04E-06	5.54E-06	2.02E-06	1.32E-04	1.71E-06	1.35E-04	2.23E-04
TA>GC	2.66E-04	4.04E-06	5.51E-06	1.93E-06	1.32E-04	1.69E-06	1.35E-04	2.23E-04
TA>GG	2.66E-04	4.04E-06	5.49E-06	1.83E-06	1.32E-04	1.65E-06	1.35E-04	2.23E-04
TA>GT	2.66E-04	4.04E-06	5.48E-06	1.87E-06	1.32E-04	1.68E-06	1.35E-04	2.24E-04
TC>AA	2.66E-04	4.04E-06	5.49E-06	1.88E-06	1.32E-04	1.81E-06	1.35E-04	2.24E-04
TC>AG	2.66E-04	4.04E-06	5.48E-06	1.90E-06	1.32E-04	1.78E-06	1.35E-04	2.24E-04
TC>AT	2.66E-04	4.04E-06	5.49E-06	1.87E-06	1.32E-04	1.61E-06	1.35E-04	2.23E-04
TC>CA	2.66E-04	4.04E-06	5.49E-06	1.88E-06	1.32E-04	1.64E-06	1.35E-04	2.23E-04
TC>CG	2.66E-04	4.05E-06	5.52E-06	2.00E-06	1.32E-04	1.81E-06	1.35E-04	2.23E-04
TC>CT	2.66E-04	4.04E-06	5.48E-06	1.90E-06	1.32E-04	1.48E-06	1.35E-04	2.23E-04
TC>GA	2.66E-04	4.04E-06	5.53E-06	1.97E-06	1.32E-04	1.73E-06	1.35E-04	2.23E-04
TC>GG	2.66E-04	4.04E-06	5.48E-06	1.87E-06	1.32E-04	1.75E-06	1.35E-04	2.23E-04
TC>GT	2.66E-04	4.04E-06	5.47E-06	1.83E-06	1.32E-04	1.82E-06	1.35E-04	2.24E-04
TG>AA	2.66E-04	4.04E-06	5.50E-06	1.92E-06	1.32E-04	1.88E-06	1.35E-04	2.24E-04
TG>AC	2.66E-04	4.04E-06	5.51E-06	1.84E-06	1.32E-04	1.80E-06	1.35E-04	2.23E-04
TG>AT	2.66E-04	4.04E-06	5.48E-06	1.96E-06	1.32E-04	1.71E-06	1.35E-04	2.23E-04
TG>CA	2.66E-04	4.04E-06	5.49E-06	2.03E-06	1.32E-04	1.74E-06	1.35E-04	2.23E-04
TG>CC	2.66E-04	4.04E-06	5.49E-06	2.01E-06	1.32E-04	1.76E-06	1.35E-04	2.23E-04
TG>CT	2.66E-04	4.04E-06	5.49E-06	1.86E-06	1.32E-04	1.70E-06	1.35E-04	2.24E-04
TG>GA	2.66E-04	4.04E-06	5.51E-06	1.88E-06	1.32E-04	1.85E-06	1.35E-04	2.24E-04
TG>GC	2.66E-04	4.04E-06	5.47E-06	1.95E-06	1.32E-04	1.77E-06	1.35E-04	2.23E-04
TG>GT	2.66E-04	4.04E-06	5.48E-06	1.86E-06	1.32E-04	1.80E-06	1.35E-04	2.24E-04
TT>AA	2.66E-04	4.04E-06	5.48E-06	1.90E-06	1.32E-04	1.73E-06	1.35E-04	2.23E-04
TT>AC	2.66E-04	4.04E-06	5.52E-06	1.86E-06	1.32E-04	1.68E-06	1.35E-04	2.23E-04
TT>AG	2.66E-04	4.04E-06	5.49E-06	1.80E-06	1.32E-04	1.68E-06	1.35E-04	2.23E-04
TT>CA	2.66E-04	4.04E-06	5.50E-06	1.86E-06	1.32E-04	1.69E-06	1.35E-04	2.23E-04
TT>CC	2.66E-04	4.04E-06	5.48E-06	1.85E-06	1.32E-04	1.70E-06	1.35E-04	2.23E-04
TT>CG	2.66E-04	4.04E-06	5.47E-06	2.00E-06	1.32E-04	1.91E-06	1.35E-04	2.24E-04
TT>GA	2.66E-04	4.04E-06	5.49E-06	1.86E-06	1.32E-04	1.55E-06	1.35E-04	2.23E-04
TT>GC	2.66E-04	4.04E-06	5.49E-06	1.84E-06	1.32E-04	1.72E-06	1.35E-04	2.23E-04
TT>GG	2.66E-04	4.04E-06	5.53E-06	1.87E-06	1.32E-04	1.76E-06	1.35E-04	2.23E-04
