MutationType	ID83A	ID83B	ID83C	ID83D	ID83E	ID83F	ID83G	ID83H	ID83I
1:Del:C:0	1.303848207703795e-07	6.858199412818067e-06	4.846912960942973e-06	1.5137186037961214e-06	5.9129184586481644e-06	8.26750914427521e-06	6.955041305900522e-06	1.613865008494031e-05	8.963400432548951e-06
1:Del:C:1	0.0018798140970073974	0.7879177312552929	0.08124175536092253	0.0041654192219436935	0.04630909474991825	0.023252921510471626	0.03314454819441494	0.018422581551350355	0.04069844554074249
1:Del:C:2	0.004555732643299706	0.024114866989271774	0.5739419065455997	0.028708431389277395	0.05842490469578287	0.004655210573215527	0.024294819849556573	0.00820988294004451	0.021354423503719088
1:Del:C:3	3.78484077145913e-08	0.004841525120899021	0.03815370969927727	0.022123126047777077	0.3350985144704191	0.008006862088791422	0.008080643280068215	0.004571842557460713	0.0073385105890088195
1:Del:C:4	0.0006184304390207629	0.012921075473977339	0.01113424861845857	0.11192143530585554	0.04103305367708167	0.04424519806672965	0.1573638242292998	0.007604354008242354	0.03713187470424259
1:Del:C:5	1.264369288023204e-07	0.0028918719087939583	0.00521392466047621	0.18136269991654672	0.02913517654183579	0.013963021368056739	0.00786165652824856	9.974839730375606e-07	0.00669363612293522
1:Del:T:0	1.303848207703795e-07	6.858199412818067e-06	4.846912960942973e-06	1.5137186037961214e-06	5.9129184586481644e-06	8.26750914427521e-06	6.955041305900522e-06	1.613865008494031e-05	8.963400432548951e-06
1:Del:T:1	0.003801965618682743	0.004471993391634896	0.009485621884243543	0.013513840086653205	0.020694530728746514	0.3918004124145631	0.0178669839628202	0.047504731503017296	0.016430622892580685
1:Del:T:2	1.3750532978917818e-08	0.00899704652435394	0.018563631197785497	0.002980438084812249	0.023952005069780853	0.03850528063873014	0.035848917525385104	0.011836025603767553	0.02188978174242816
1:Del:T:3	6.253395577360266e-08	0.002705927849851122	0.004409384984095279	0.04603598661238266	0.03326383724659081	0.01706089236890925	0.02444947760110274	0.006254482201431131	0.019742067629088922
1:Del:T:4	0.0003246136450884052	0.012234958824107665	0.010003224405092201	0.006566596098617197	0.010623891993012436	0.010003594015939825	0.01551710278512772	0.021462167454842813	0.01405859622589503
1:Del:T:5	0.0016047349951150026	0.00033850537439498405	0.0010136302139791553	0.11892539340704161	0.006637313810701273	0.0002575718922435044	0.00672468972232366	0.003213138298454674	0.005569618219690966
1:Ins:C:0	0.025760756887051456	0.00043456995660889674	0.004389186669985321	0.0014823418478063389	0.014093723458420441	0.015052226648188026	0.02022940894708583	0.004014615397693077	0.014430332484505471
1:Ins:C:1	0.00451055035311839	0.0027006795911458208	0.007714725985392476	0.0066060271383059895	0.011556034167130491	0.01132634355755414	0.020524469745030843	0.007390929670746687	0.007616648734392015
1:Ins:C:2	7.564199370213131e-05	0.007431385817918112	0.012831634116066653	0.011138911323506164	0.00654293886541268	0.011988787169365765	0.008397043371887705	0.0013539337703903699	0.014002129612064493
1:Ins:C:3	2.087349388446569e-08	0.0032756111042031933	0.009280627402437751	0.0007175830224067652	0.024708713111685262	0.006366061024915552	0.009249346637982185	0.0053454609335304324	0.006668125562447074
1:Ins:C:4	0.0020375585606582547	0.005011948014414997	0.00497974063796903	0.028295308544255705	0.003956946813615332	0.004437243514363995	0.013174260230591699	0.0037752108380524874	0.004722380062282579
1:Ins:C:5	6.037007037552694e-07	0.003472539616349124	0.009651425382073739	0.07108146884803773	0.013613651139578735	0.008461817621125078	0.03445603675866238	0.004232543441195986	0.019358924867061658
1:Ins:T:0	0.03343002284953855	0.009869289518949814	0.006346184953530951	0.005113344570370657	0.026755245031457875	0.043696344285284426	0.13868190959723115	0.003926410218746242	0.007682291333979308
1:Ins:T:1	0.0106126558966848	0.02694527410201091	0.0921853704026762	0.004530697636064574	0.022365318067363953	0.05881170281766682	0.03760065858188682	0.014311553610100418	0.13542143792563763
1:Ins:T:2	0.003426931727987643	0.018974417707233328	0.025592049695542515	0.018347061107035927	0.059486259220034296	0.05720316954717328	0.03495301798778598	0.01158885757639819	0.04359402260007357
1:Ins:T:3	0.002340890927731607	0.005330389685340435	0.008538785696870171	0.010729980849343406	0.013103603612855182	0.010888292049988592	0.011886942945326169	0.0001921045318014336	0.008702942690831463
1:Ins:T:4	0.00018827633367862973	0.002361197241461923	0.0013486838529479161	0.011399667306586139	0.013146428163081402	0.00488847967333804	0.013884253989333302	0.007625409853973792	0.00811071752393474
1:Ins:T:5	9.014881516833383e-08	0.005932721072485663	9.836756445395167e-05	0.15340374159153725	0.0021892539431850365	0.003788500817692579	0.012964066110778135	0.0010249701184604021	0.006331726664172379
2:Del:R:0	0.004667806044399469	6.354820214752976e-05	0.003930507589843941	0.032105490720582566	0.02791778422500556	0.02723007034718364	0.024334295958495317	0.0065201504962959685	0.018796930460157027
2:Del:R:1	5.62799575476447e-08	0.00197899196383446	0.0013293143564021648	0.015193923550839372	0.01060969680226517	0.004301343446848733	0.011307130644204903	0.005341140845677188	0.013565613420355156
2:Del:R:2	1.303848207703795e-07	6.858199412818067e-06	4.846912960942973e-06	1.5137186037961214e-06	5.9129184586481644e-06	8.26750914427521e-06	6.955041305900522e-06	1.613865008494031e-05	8.963400432548951e-06
2:Del:R:3	1.2420387847905666e-07	5.15074262636972e-06	3.6947577928003737e-06	0.003171718960977046	3.9828012496911924e-05	6.949428967573112e-06	8.775795655992625e-05	1.4217867551451491e-05	0.00024239856625854372
2:Del:R:4	1.303848207703795e-07	6.858199412818067e-06	4.846912960942973e-06	1.5137186037961214e-06	5.9129184586481644e-06	8.26750914427521e-06	6.955041305900522e-06	1.613865008494031e-05	8.963400432548951e-06
2:Del:R:5	1.303848207703795e-07	6.858199412818067e-06	4.846912960942973e-06	1.5137186037961214e-06	5.9129184586481644e-06	8.26750914427521e-06	6.955041305900522e-06	1.613865008494031e-05	8.963400432548951e-06
3:Del:R:0	3.825103601062807e-05	0.004145258252500241	0.0031505705366953406	0.018232766733310087	0.015660643534717786	0.013434757806771813	0.026745150119897473	0.010301138694689484	0.00844556877803484
3:Del:R:1	5.8368893807170254e-08	0.0007773656110299499	0.002222508120157336	0.0003790471905935533	0.0004942339795969985	0.0013761348330763212	0.0009410503962755002	0.0011647291026497442	0.0021763723678711244
3:Del:R:2	1.303848207703795e-07	6.858199412818067e-06	4.846912960942973e-06	1.5137186037961214e-06	5.9129184586481644e-06	8.26750914427521e-06	6.955041305900522e-06	1.613865008494031e-05	8.963400432548951e-06
3:Del:R:3	1.303848207703795e-07	6.858199412818067e-06	4.846912960942973e-06	1.5137186037961214e-06	5.9129184586481644e-06	8.26750914427521e-06	6.955041305900522e-06	1.613865008494031e-05	8.963400432548951e-06
3:Del:R:4	1.303848207703795e-07	6.858199412818067e-06	4.846912960942973e-06	1.5137186037961214e-06	5.9129184586481644e-06	8.26750914427521e-06	6.955041305900522e-06	1.613865008494031e-05	8.963400432548951e-06
3:Del:R:5	1.303848207703795e-07	6.858199412818067e-06	4.846912960942973e-06	1.5137186037961214e-06	5.9129184586481644e-06	8.26750914427521e-06	6.955041305900522e-06	1.613865008494031e-05	8.963400432548951e-06
4:Del:R:0	0.0032851651425834694	0.0009051382945556386	0.00012540608395795517	0.019632269520811273	0.014890291179059005	0.01591669188690689	0.026696043814804966	0.010548088747508472	0.011575490410828308
4:Del:R:1	6.547374046483868e-08	0.0007151987417574901	0.00014072215275344745	0.0007419258765219184	0.0006918736864759012	0.0010714530048891646	0.0017284789575688464	0.0039624106706162366	0.0031818856113113724
4:Del:R:2	1.303848207703795e-07	6.858199412818067e-06	4.846912960942973e-06	1.5137186037961214e-06	5.9129184586481644e-06	8.26750914427521e-06	6.955041305900522e-06	1.613865008494031e-05	8.963400432548951e-06
4:Del:R:3	1.303848207703795e-07	6.858199412818067e-06	4.846912960942973e-06	1.5137186037961214e-06	5.9129184586481644e-06	8.26750914427521e-06	6.955041305900522e-06	1.613865008494031e-05	8.963400432548951e-06
4:Del:R:4	1.303848207703795e-07	6.858199412818067e-06	4.846912960942973e-06	1.5137186037961214e-06	5.9129184586481644e-06	8.26750914427521e-06	6.955041305900522e-06	1.613865008494031e-05	8.963400432548951e-06
4:Del:R:5	1.303848207703795e-07	6.858199412818067e-06	4.846912960942973e-06	1.5137186037961214e-06	5.9129184586481644e-06	8.26750914427521e-06	6.955041305900522e-06	1.613865008494031e-05	8.963400432548951e-06
5:Del:R:0	0.01264447537416885	0.0007734345389474129	0.0019750519615462283	0.00962846645712375	5.081774698965091e-06	0.010496421683394324	0.009039628467263156	0.5892609214894446	0.002648971090546812
5:Del:R:1	1.303848207703795e-07	6.858199412818067e-06	4.846912960942973e-06	1.5137186037961214e-06	5.9129184586481644e-06	8.26750914427521e-06	6.955041305900522e-06	1.613865008494031e-05	8.963400432548951e-06
5:Del:R:2	1.303848207703795e-07	6.858199412818067e-06	4.846912960942973e-06	1.5137186037961214e-06	5.9129184586481644e-06	8.26750914427521e-06	6.955041305900522e-06	1.613865008494031e-05	8.963400432548951e-06
5:Del:R:3	1.303848207703795e-07	6.858199412818067e-06	4.846912960942973e-06	1.5137186037961214e-06	5.9129184586481644e-06	8.26750914427521e-06	6.955041305900522e-06	1.613865008494031e-05	8.963400432548951e-06
5:Del:R:4	1.303848207703795e-07	6.858199412818067e-06	4.846912960942973e-06	1.5137186037961214e-06	5.9129184586481644e-06	8.26750914427521e-06	6.955041305900522e-06	1.613865008494031e-05	8.963400432548951e-06
5:Del:R:5	1.303848207703795e-07	6.858199412818067e-06	4.846912960942973e-06	1.5137186037961214e-06	5.9129184586481644e-06	8.26750914427521e-06	6.955041305900522e-06	1.613865008494031e-05	8.963400432548951e-06
2:Ins:R:0	0.04516054216352131	0.002466034815022766	0.005839851174152671	1.7160657375114852e-07	0.014061433879783465	0.017055010149250337	0.05977378038689381	0.005019238539284742	0.017295577868848964
2:Ins:R:1	0.0014487814482523475	0.0015937144049942408	0.0022597526430458716	0.004116165427886002	0.004683410975385698	0.005192235796769315	0.00448543423359979	0.0022680287332980244	0.00964701038211615
2:Ins:R:2	1.1209008846435608e-07	0.00013157923189169196	0.00034024851240360476	0.000222552920400787	0.0013332258588150125	0.001522162978859285	0.0011279564912794627	0.0002902915285051222	0.0005641171771591757
2:Ins:R:3	7.879925556064649e-08	9.735179191665111e-05	0.0006443186361028097	1.1550648453351187e-06	0.00015643333798436742	0.00037882122321377667	0.0005721965304388732	0.0007119938512914814	0.0025488560204894382
2:Ins:R:4	1.2600038350907284e-07	4.7488337708045945e-06	3.747948757109043e-06	0.003825959763067601	0.00011858526025747551	6.5007044315734675e-06	0.00012360071659681893	7.649679664609721e-05	5.362647869475268e-05
2:Ins:R:5	1.303848207703795e-07	6.858199412818067e-06	4.846912960942973e-06	1.5137186037961214e-06	5.9129184586481644e-06	8.26750914427521e-06	6.955041305900522e-06	1.613865008494031e-05	8.963400432548951e-06
3:Ins:R:0	0.06719847557720642	6.198606504824511e-05	0.0011311181297477902	5.827619432352549e-07	0.0036306991821038535	0.003972875589335594	0.004209037655454324	0.00023802457099463936	0.0034658080978329053
3:Ins:R:1	3.0246717005744106e-08	0.001490015904928228	0.001160555315419458	0.0002610693313736334	0.003198235041868713	0.003370897912302011	0.0025416817628153864	0.002289308812208475	0.0020645746297080756
3:Ins:R:2	5.444663456455778e-05	0.0007720303528168415	0.00019330881710949655	1.0948797110789387e-06	0.000728403147677028	0.00035395382478441205	8.362062846103412e-05	0.00033780348434902407	0.0024050704278357495
3:Ins:R:3	1.303848207703795e-07	6.858199412818067e-06	4.846912960942973e-06	1.5137186037961214e-06	5.9129184586481644e-06	8.26750914427521e-06	6.955041305900522e-06	1.613865008494031e-05	8.963400432548951e-06
3:Ins:R:4	1.303848207703795e-07	6.858199412818067e-06	4.846912960942973e-06	1.5137186037961214e-06	5.9129184586481644e-06	8.26750914427521e-06	6.955041305900522e-06	1.613865008494031e-05	8.963400432548951e-06
3:Ins:R:5	1.303848207703795e-07	6.858199412818067e-06	4.846912960942973e-06	1.5137186037961214e-06	5.9129184586481644e-06	8.26750914427521e-06	6.955041305900522e-06	1.613865008494031e-05	8.963400432548951e-06
4:Ins:R:0	0.06598928943232864	4.227678465156259e-06	0.0003751496618957017	4.4165709038423985e-07	0.0015873312305274467	0.0021751751217198895	0.0007648444390679288	0.00037569395538639583	0.003435733614630294
4:Ins:R:1	0.00039078685909242237	3.9097670939867157e-05	0.00033868644322183173	0.000456002022385853	0.0013471906855127714	0.0009401068402304702	0.002507710467489801	0.004391422837618393	0.0012627712182451134
4:Ins:R:2	1.303848207703795e-07	6.858199412818067e-06	4.846912960942973e-06	1.5137186037961214e-06	5.9129184586481644e-06	8.26750914427521e-06	6.955041305900522e-06	1.613865008494031e-05	8.963400432548951e-06
4:Ins:R:3	1.1905659994676521e-07	0.00018520727706004437	0.00045102866763464534	0.00013524920912814765	0.0020656472574617623	0.0006136568582804713	0.0007025945090023811	0.0006877332963904337	0.0006440384473850735
4:Ins:R:4	1.303848207703795e-07	6.858199412818067e-06	4.846912960942973e-06	1.5137186037961214e-06	5.9129184586481644e-06	8.26750914427521e-06	6.955041305900522e-06	1.613865008494031e-05	8.963400432548951e-06
4:Ins:R:5	1.303848207703795e-07	6.858199412818067e-06	4.846912960942973e-06	1.5137186037961214e-06	5.9129184586481644e-06	8.26750914427521e-06	6.955041305900522e-06	1.613865008494031e-05	8.963400432548951e-06
5:Ins:R:0	0.6832665359973907	1.368816960800246e-06	0.007395416608216537	2.3979770025153256e-07	2.8160369765248967e-06	0.011073304659693618	0.006268437901069888	3.8573781429295215e-06	0.01485116029062878
5:Ins:R:1	5.2516873667585175e-08	0.005861603423227164	0.0076743609887731205	0.0009406796935980876	0.02224946105376489	0.01723434318486632	0.01841738513857989	0.02085404836934414	0.042690351333324085
5:Ins:R:2	8.73106835888593e-08	0.00011635981347609459	0.0012771144289129665	0.0005466312770476023	0.0006490304654411607	0.0004687015853747312	0.0015792187474020381	0.0006824784784112126	0.0011899187059182736
5:Ins:R:3	1.303848207703795e-07	6.858199412818067e-06	4.846912960942973e-06	1.5137186037961214e-06	5.9129184586481644e-06	8.26750914427521e-06	6.955041305900522e-06	1.613865008494031e-05	8.963400432548951e-06
5:Ins:R:4	1.303848207703795e-07	6.858199412818067e-06	4.846912960942973e-06	1.5137186037961214e-06	5.9129184586481644e-06	8.26750914427521e-06	6.955041305900522e-06	1.613865008494031e-05	8.963400432548951e-06
5:Ins:R:5	1.303848207703795e-07	6.858199412818067e-06	4.846912960942973e-06	1.5137186037961214e-06	5.9129184586481644e-06	8.26750914427521e-06	6.955041305900522e-06	1.613865008494031e-05	8.963400432548951e-06
2:Del:M:1	0.01191239649957879	0.00654044805921302	0.006110817823653462	0.014398448043663557	0.026878879439699313	0.014432799671476261	0.07038931201059015	0.004906433433726658	0.01955916890902387
3:Del:M:1	0.002560406236337691	0.0008874171488197879	0.0035374344856903407	0.00021536203892296156	0.0031642623310702334	0.0038413214388558	0.005961182231955178	0.0030318562541930306	0.010541309686716644
3:Del:M:2	0.0030893135879016143	0.00020178709114489378	0.00012425477266308604	0.009248456603282733	0.000886532367878596	0.0011918186989288415	0.0020838178330927805	0.0005191035949064827	0.0003266267521674493
4:Del:M:1	4.0128911140322464e-05	0.0039331198486990985	0.0029411274304048797	0.0016652665550316215	0.0038935381741454743	0.001784131730362617	0.01325191843294931	0.014333305478858164	0.019644044113210128
4:Del:M:2	9.541615086483546e-08	0.0010196352121367624	1.6372389062624393e-06	0.005007348017874236	0.001632299707231013	0.0009620543321179298	0.002427976321008316	0.0015646035650047452	0.003002443240642947
4:Del:M:3	1.0648122500178659e-07	0.00026747073324941085	0.0002782354748020666	1.0666259440483827e-06	0.0010636634912918907	4.642396083028189e-05	0.0004229534781292443	0.0014951685563130467	0.0005330531991573739
5:Del:M:1	8.982647815667386e-05	0.010387814280251359	0.002682140739989448	1.8065257972210703e-07	0.003966591490640781	0.03190858628596612	5.8042041094097385e-06	0.08288977539240933	0.2814888122559751
5:Del:M:2	0.0029888531667592133	0.0005218890169057922	0.004535875766450843	0.0005218618351656445	0.010886800980140877	0.01142087814921041	0.008559167376448542	0.011853494508936819	0.017288735863634202
5:Del:M:3	2.99537816417228e-08	0.0006532270390277972	0.0013220297624350508	3.8393548148274446e-07	0.00399777236580368	0.005145978496489505	0.00506870284556264	0.01953371568275543	0.015626773347669883
5:Del:M:4	8.466134471696307e-08	2.341803652257113e-05	0.00024569850884233803	0.00015464065095242675	0.0006463928933300167	0.002174748121855714	0.00043636732712975856	0.00020309052921675176	0.0014280188415136763
5:Del:M:5	1.303848211994807e-07	6.858199367343332e-06	4.846912930744906e-06	1.513718637067285e-06	5.9129183867412395e-06	8.26750917951813e-06	6.955041301424103e-06	1.6138650180437254e-05	8.963400558741341e-06
