MutationType	SBS96A	SBS96B	SBS96C	SBS96D	SBS96E	SBS96F	SBS96G	SBS96H	SBS96I
A[C>A]A	1.16E-03	1.03E-03	1.24E-03	1.45E-03	9.11E-04	8.44E-04	4.22E-04	1.35E-03	2.08E-03
A[C>A]C	1.07E-03	1.10E-03	1.14E-03	1.44E-03	1.28E-03	9.36E-04	4.06E-04	1.32E-03	1.42E-03
A[C>A]G	1.02E-03	8.46E-04	1.02E-03	9.89E-04	1.03E-03	3.28E-04	2.34E-04	1.03E-03	1.31E-03
A[C>A]T	9.92E-04	8.81E-04	1.02E-03	9.07E-04	1.07E-03	5.67E-04	3.01E-04	1.10E-03	1.11E-03
A[C>G]A	4.51E-04	3.21E-04	4.49E-04	7.64E-04	4.25E-04	3.11E-04	1.47E-04	5.46E-04	8.23E-04
A[C>G]C	3.93E-04	3.18E-04	3.29E-04	2.07E-04	4.24E-04	4.63E-05	0.00E+00	6.92E-04	4.21E-04
A[C>G]G	3.36E-04	2.78E-04	2.95E-04	3.41E-04	3.94E-04	1.82E-04	2.12E-04	3.98E-04	4.17E-04
A[C>G]T	4.94E-04	3.69E-04	4.85E-04	6.32E-04	4.56E-04	3.23E-04	0.00E+00	4.86E-04	7.47E-04
A[C>T]A	6.16E-04	5.93E-04	7.03E-04	9.31E-04	8.30E-04	4.48E-04	3.26E-04	9.27E-04	1.17E-03
A[C>T]C	7.54E-04	5.94E-04	8.49E-04	1.13E-03	8.55E-04	4.79E-04	1.89E-04	1.39E-03	1.54E-03
A[C>T]G	9.19E-04	3.23E-04	3.80E-04	1.23E-03	5.50E-04	6.41E-04	2.34E-04	1.40E-03	2.22E-03
A[C>T]T	4.26E-04	3.11E-04	3.79E-04	6.73E-04	4.76E-04	3.26E-04	1.65E-04	5.73E-04	1.07E-03
A[T>A]A	3.68E-04	4.34E-04	3.45E-04	4.21E-04	3.75E-04	3.24E-04	2.15E-04	4.59E-04	2.76E-04
A[T>A]C	6.28E-04	2.77E-04	2.86E-04	6.36E-04	4.46E-04	1.94E-04	1.13E-04	7.98E-04	1.28E-03
A[T>A]G	5.79E-04	3.91E-04	5.97E-04	1.10E-03	7.45E-04	5.08E-04	2.51E-04	5.97E-04	1.09E-03
A[T>A]T	3.01E-04	3.07E-04	2.62E-04	3.65E-04	3.27E-04	2.54E-04	2.21E-04	3.86E-04	3.80E-04
A[T>C]A	5.50E-04	4.11E-04	5.55E-04	9.27E-04	7.90E-04	4.14E-04	2.34E-04	7.25E-04	9.22E-04
A[T>C]C	3.31E-04	1.32E-04	3.11E-04	5.27E-04	3.40E-04	6.03E-05	1.03E-04	4.92E-04	5.92E-04
A[T>C]G	3.04E-04	4.27E-04	6.67E-04	6.79E-04	6.96E-04	4.20E-04	3.01E-04	6.90E-04	1.52E-03
A[T>C]T	4.45E-04	2.47E-04	5.72E-04	9.06E-04	5.80E-04	4.42E-04	2.37E-04	5.91E-04	1.13E-03
A[T>G]A	1.18E-04	1.32E-04	1.21E-04	1.20E-04	9.04E-05	2.04E-08	1.04E-04	1.09E-04	5.32E-05
A[T>G]C	7.17E-05	2.90E-05	9.47E-05	1.69E-04	1.61E-04	1.37E-04	2.60E-04	2.43E-04	2.21E-04
A[T>G]G	2.30E-04	2.92E-04	3.19E-04	3.39E-04	2.75E-04	2.07E-04	1.03E-04	4.17E-04	5.01E-04
A[T>G]T	1.48E-04	1.80E-05	1.18E-04	1.38E-04	2.94E-05	1.36E-04	4.62E-04	1.26E-04	2.22E-04
C[C>A]A	2.00E-03	1.31E-03	1.61E-03	1.98E-03	2.08E-03	1.16E-03	5.58E-04	1.94E-03	2.08E-03
C[C>A]C	2.29E-03	1.77E-03	2.15E-03	2.42E-03	2.04E-03	1.03E-03	6.06E-04	1.88E-03	1.92E-03
C[C>A]G	9.67E-04	1.02E-03	1.12E-03	1.86E-03	1.59E-03	8.77E-04	3.87E-04	1.22E-03	1.85E-03
C[C>A]T	1.78E-03	1.87E-03	1.97E-03	1.69E-03	2.24E-03	8.77E-04	4.26E-04	1.89E-03	1.61E-03
C[C>G]A	5.52E-04	3.30E-04	5.11E-04	9.78E-04	4.69E-04	4.97E-04	2.38E-04	7.13E-04	1.19E-03
C[C>G]C	4.36E-04	6.27E-04	4.70E-04	8.25E-04	7.95E-04	3.74E-04	1.61E-04	4.92E-04	7.78E-04
C[C>G]G	4.39E-04	4.07E-04	4.56E-04	6.92E-04	5.59E-04	3.17E-04	2.27E-04	5.82E-04	5.85E-04
C[C>G]T	4.66E-04	4.28E-04	6.02E-04	5.34E-04	5.49E-04	3.51E-04	9.62E-05	6.04E-04	5.04E-04
C[C>T]A	9.39E-04	7.41E-04	9.81E-04	1.11E-03	1.15E-03	6.76E-04	3.84E-04	1.15E-03	1.60E-03
C[C>T]C	8.47E-04	6.42E-04	1.01E-03	8.26E-04	8.80E-04	5.94E-04	2.54E-04	1.59E-03	1.75E-03
C[C>T]G	1.01E-03	5.44E-04	5.53E-04	9.55E-04	1.03E-03	7.44E-04	2.43E-04	1.66E-03	2.13E-03
C[C>T]T	7.00E-04	8.03E-04	8.21E-04	1.31E-03	1.21E-03	5.60E-04	4.21E-04	9.51E-04	1.48E-03
C[T>A]A	3.75E-04	3.48E-04	4.43E-04	5.41E-04	4.75E-04	3.97E-04	1.94E-04	5.03E-04	6.81E-04
C[T>A]C	4.97E-04	5.99E-04	5.43E-04	9.28E-04	8.54E-04	5.01E-04	3.36E-04	9.65E-04	1.18E-03
C[T>A]G	9.64E-04	1.05E-03	9.80E-04	1.38E-03	1.58E-03	6.40E-04	4.09E-04	1.17E-03	1.55E-03
C[T>A]T	8.51E-04	5.70E-04	8.18E-04	8.64E-04	5.68E-04	4.58E-04	5.15E-04	8.21E-04	1.36E-03
C[T>C]A	3.35E-04	4.32E-04	3.91E-04	5.90E-04	6.87E-04	3.33E-04	2.78E-04	4.75E-04	7.20E-04
C[T>C]C	3.60E-04	3.06E-04	3.41E-04	7.03E-04	5.17E-04	4.57E-04	5.68E-04	2.58E-04	5.51E-04
C[T>C]G	4.79E-04	5.17E-04	7.41E-04	9.32E-04	6.57E-04	5.81E-04	4.25E-04	7.46E-04	1.03E-03
C[T>C]T	3.26E-04	2.82E-04	5.46E-04	5.88E-04	3.66E-04	1.05E-04	5.44E-04	4.58E-04	9.34E-04
C[T>G]A	1.32E-04	1.62E-04	1.50E-04	2.08E-04	1.84E-04	6.04E-06	4.46E-10	7.54E-05	1.67E-04
C[T>G]C	1.12E-04	3.99E-05	2.84E-04	2.32E-04	6.68E-05	1.96E-04	3.97E-04	9.72E-05	5.67E-04
C[T>G]G	5.32E-04	4.54E-04	4.12E-04	8.77E-04	5.75E-04	6.60E-09	2.71E-04	5.88E-04	7.33E-04
C[T>G]T	9.06E-05	5.89E-05	2.38E-04	2.11E-04	7.63E-05	2.32E-04	8.93E-04	8.23E-05	4.12E-04
G[C>A]A	1.36E-03	1.21E-03	1.44E-03	1.37E-03	1.53E-03	6.72E-04	4.07E-04	1.70E-03	1.22E-03
G[C>A]C	1.23E-03	1.21E-03	1.22E-03	1.65E-03	1.46E-03	6.47E-04	4.81E-04	1.21E-03	1.96E-03
G[C>A]G	1.12E-03	9.56E-04	9.71E-04	1.76E-03	1.09E-03	8.08E-04	3.44E-04	1.49E-03	2.16E-03
G[C>A]T	1.13E-03	9.33E-04	9.39E-04	1.62E-03	1.25E-03	5.10E-04	4.30E-04	1.27E-03	1.07E-03
G[C>G]A	3.58E-04	4.84E-04	3.31E-04	5.72E-04	6.76E-04	4.08E-04	2.17E-04	6.32E-04	6.97E-04
G[C>G]C	5.03E-04	6.60E-04	5.83E-04	9.35E-04	9.62E-04	3.15E-04	2.07E-04	6.19E-04	7.80E-04
G[C>G]G	4.69E-04	5.38E-04	5.28E-04	5.23E-04	7.92E-04	1.68E-04	2.30E-04	8.72E-04	8.56E-04
G[C>G]T	4.19E-04	3.85E-04	6.60E-04	6.37E-04	3.91E-04	4.43E-04	2.51E-04	4.86E-04	8.70E-04
G[C>T]A	4.67E-04	3.99E-04	4.63E-04	8.92E-04	6.65E-04	8.12E-04	2.67E-04	7.03E-04	1.18E-03
G[C>T]C	5.22E-04	5.82E-04	4.03E-04	7.98E-04	6.41E-04	5.35E-04	2.98E-04	6.32E-04	6.64E-04
G[C>T]G	8.55E-04	5.68E-04	7.33E-04	1.56E-03	8.75E-04	9.85E-04	1.95E-04	1.26E-03	1.91E-03
G[C>T]T	6.13E-04	5.55E-04	6.74E-04	1.27E-03	6.95E-04	7.27E-04	1.66E-04	8.36E-04	1.32E-03
G[T>A]A	3.44E-04	4.23E-04	4.46E-04	7.70E-04	5.90E-04	1.08E-04	2.97E-04	5.76E-04	8.62E-04
G[T>A]C	5.66E-04	2.94E-04	3.74E-04	5.59E-04	8.87E-04	2.52E-04	1.78E-04	6.48E-04	7.31E-04
G[T>A]G	5.51E-04	4.97E-04	7.72E-04	1.01E-03	6.96E-04	3.74E-04	2.09E-04	8.29E-04	1.50E-03
G[T>A]T	4.11E-04	4.35E-04	3.84E-04	3.32E-04	2.35E-04	6.32E-05	2.19E-04	4.43E-04	3.11E-04
G[T>C]A	5.86E-04	3.98E-04	4.98E-04	6.71E-04	6.09E-04	4.00E-04	2.83E-04	8.35E-04	1.19E-03
G[T>C]C	3.03E-04	3.06E-04	5.95E-04	5.27E-04	3.21E-04	1.81E-04	1.96E-04	5.43E-04	9.71E-04
G[T>C]G	4.97E-04	2.69E-04	4.55E-04	9.35E-04	6.42E-04	3.89E-04	2.13E-04	5.44E-04	9.93E-04
G[T>C]T	3.34E-04	3.48E-04	2.02E-04	7.18E-04	5.59E-04	2.33E-04	2.16E-04	3.53E-04	5.62E-04
G[T>G]A	2.00E-04	1.70E-04	9.03E-05	2.05E-04	1.44E-04	4.29E-05	1.33E-09	2.85E-04	2.37E-04
G[T>G]C	1.55E-04	1.87E-04	7.85E-05	2.93E-04	2.78E-04	8.06E-05	1.38E-04	1.54E-04	2.32E-04
G[T>G]G	1.18E-04	3.08E-04	7.59E-05	4.30E-04	4.11E-04	2.21E-04	1.52E-04	1.37E-04	3.60E-04
G[T>G]T	1.36E-04	2.35E-04	1.40E-04	2.19E-04	4.16E-04	1.73E-05	5.14E-04	2.52E-04	3.68E-04
T[C>A]A	1.56E-03	1.10E-03	1.18E-03	1.08E-03	1.37E-03	7.32E-04	4.81E-04	1.57E-03	1.28E-03
T[C>A]C	1.33E-03	1.58E-03	1.56E-03	2.17E-03	1.62E-03	9.87E-04	5.48E-04	1.65E-03	2.42E-03
T[C>A]G	4.99E-04	6.93E-04	6.75E-04	8.92E-04	9.59E-04	5.46E-04	1.66E-04	6.72E-04	9.88E-04
T[C>A]T	1.26E-03	1.12E-03	1.33E-03	1.66E-03	1.31E-03	8.03E-04	3.81E-04	1.21E-03	1.56E-03
T[C>G]A	7.80E-04	5.85E-04	6.30E-04	8.47E-04	4.31E-04	1.11E-03	2.31E-04	6.86E-04	8.94E-04
T[C>G]C	7.91E-04	4.62E-04	7.68E-04	9.29E-04	8.31E-04	6.38E-04	2.22E-04	8.46E-04	9.63E-04
T[C>G]G	5.45E-04	2.30E-04	3.31E-04	4.71E-04	6.64E-04	6.00E-05	0.00E+00	5.39E-04	7.97E-04
T[C>G]T	8.55E-04	8.50E-04	1.30E-03	1.41E-03	1.18E-03	1.11E-03	2.38E-04	8.97E-04	1.77E-03
T[C>T]A	1.17E-03	7.67E-04	1.01E-03	1.54E-03	1.35E-03	1.05E-03	1.04E-03	1.56E-03	1.67E-03
T[C>T]C	8.78E-04	4.97E-04	7.33E-04	1.29E-03	9.01E-04	8.57E-04	6.44E-04	1.09E-03	1.39E-03
T[C>T]G	5.75E-04	4.22E-04	8.00E-04	9.88E-04	9.07E-04	6.63E-04	3.35E-04	8.33E-04	1.82E-03
T[C>T]T	1.03E-03	7.61E-04	9.60E-04	1.55E-03	1.02E-03	1.05E-03	8.25E-04	8.98E-04	1.36E-03
T[T>A]A	3.08E-04	1.40E-04	4.86E-04	3.98E-04	3.10E-04	2.13E-04	1.95E-04	4.97E-04	7.21E-04
T[T>A]C	4.35E-04	2.80E-04	3.15E-04	6.07E-04	4.96E-04	4.27E-04	2.38E-04	4.37E-04	3.67E-04
T[T>A]G	5.43E-04	4.09E-04	6.86E-04	8.11E-04	6.39E-04	2.29E-04	2.71E-04	7.71E-04	1.07E-03
T[T>A]T	3.22E-04	3.31E-04	2.06E-04	3.17E-04	5.49E-04	9.07E-05	2.86E-04	6.17E-04	4.71E-04
T[T>C]A	3.20E-04	2.63E-04	3.04E-04	4.97E-04	4.54E-04	5.45E-05	2.16E-04	3.38E-04	6.25E-04
T[T>C]C	3.63E-04	1.37E-04	3.55E-04	7.28E-04	2.16E-04	2.69E-04	3.42E-04	2.97E-04	8.67E-04
T[T>C]G	1.59E-04	4.90E-04	2.59E-04	4.10E-04	6.19E-04	3.73E-04	2.63E-04	5.61E-04	3.79E-04
T[T>C]T	3.22E-04	8.04E-05	5.72E-04	3.44E-04	3.02E-04	5.57E-05	2.20E-04	3.71E-04	7.43E-04
T[T>G]A	2.50E-05	4.71E-06	4.89E-05	2.48E-04	2.32E-05	2.19E-04	1.84E-04	3.09E-05	1.14E-04
T[T>G]C	2.10E-04	9.55E-05	1.87E-04	2.45E-04	2.22E-04	4.65E-05	2.90E-04	2.03E-04	1.72E-04
T[T>G]G	1.64E-04	1.37E-04	1.51E-04	3.34E-04	3.16E-04	1.20E-04	2.54E-04	2.69E-04	4.87E-04
T[T>G]T	7.31E-05	9.74E-05	8.76E-05	1.91E-04	1.50E-04	1.51E-04	8.36E-04	2.52E-04	2.32E-04
