MutationType	SBS96A	SBS96B	SBS96C	SBS96D	SBS96E	SBS96F	SBS96G	SBS96H	SBS96I
A[C>A]A	6.23E-04	1.10E-03	1.51E-03	1.12E-03	1.33E-03	1.68E-03	9.70E-04	6.82E-04	4.32E-04
A[C>A]C	4.90E-04	2.61E-03	1.10E-03	9.23E-04	1.39E-03	2.17E-03	1.12E-03	6.72E-04	3.13E-04
A[C>A]G	1.17E-04	1.04E-03	8.96E-04	2.66E-04	1.13E-03	8.58E-04	7.59E-04	1.14E-03	3.21E-08
A[C>A]T	5.81E-05	3.47E-04	7.37E-04	8.96E-04	6.90E-04	3.70E-04	2.50E-04	9.09E-04	1.78E-04
A[C>G]A	2.72E-04	9.47E-04	5.29E-04	5.14E-04	8.61E-04	3.20E-04	1.41E-03	8.18E-04	1.08E-04
A[C>G]C	3.34E-04	9.86E-04	1.01E-03	5.84E-04	1.41E-03	8.85E-04	6.73E-04	6.44E-04	8.54E-08
A[C>G]G	2.87E-04	5.13E-04	2.85E-04	5.59E-04	5.12E-04	3.56E-04	3.80E-04	1.38E-04	2.55E-08
A[C>G]T	5.30E-08	5.59E-04	8.43E-04	3.91E-04	7.10E-04	8.85E-04	7.71E-04	5.93E-04	8.08E-04
A[C>T]A	9.92E-04	1.50E-03	1.04E-03	1.26E-03	2.08E-03	1.81E-03	6.17E-04	1.27E-03	1.02E-03
A[C>T]C	4.50E-04	2.30E-03	2.19E-03	4.57E-04	2.00E-03	1.54E-03	2.71E-03	1.85E-03	7.73E-04
A[C>T]G	9.71E-04	3.72E-03	3.18E-03	1.34E-03	2.78E-03	5.56E-03	3.12E-03	3.46E-03	1.06E-03
A[C>T]T	9.24E-04	6.61E-04	1.31E-03	1.11E-03	1.25E-03	1.08E-03	1.26E-03	1.98E-03	1.13E-03
A[T>A]A	2.58E-08	7.57E-04	6.78E-04	1.88E-04	6.74E-04	5.60E-04	1.36E-03	3.71E-04	6.13E-08
A[T>A]C	4.46E-08	2.03E-03	8.35E-04	4.94E-04	1.34E-03	1.41E-03	1.26E-03	9.02E-04	4.10E-08
A[T>A]G	2.60E-04	8.19E-04	4.16E-04	3.22E-04	5.12E-04	5.69E-04	5.75E-04	9.41E-04	3.68E-04
A[T>A]T	2.41E-08	9.98E-04	3.20E-04	8.84E-04	2.70E-04	6.43E-04	3.29E-04	1.13E-03	1.14E-03
A[T>C]A	4.06E-04	9.88E-04	1.24E-03	8.64E-04	8.30E-04	1.00E-03	9.66E-04	1.10E-03	1.61E-04
A[T>C]C	2.51E-08	5.01E-04	6.05E-04	8.23E-04	7.87E-04	7.73E-04	4.80E-04	7.95E-04	1.64E-03
A[T>C]G	2.80E-04	1.93E-03	1.58E-03	8.10E-04	1.79E-03	1.55E-03	2.28E-03	1.14E-03	2.77E-08
A[T>C]T	4.85E-04	1.17E-03	1.70E-03	6.66E-04	1.81E-03	1.83E-03	1.00E-03	9.49E-04	1.83E-03
A[T>G]A	5.60E-08	2.69E-04	4.48E-04	5.05E-04	5.28E-04	4.40E-04	3.83E-04	5.82E-04	1.01E-03
A[T>G]C	2.50E-08	1.92E-04	4.32E-04	2.92E-04	5.51E-04	6.95E-04	3.36E-04	3.23E-04	1.42E-03
A[T>G]G	2.72E-04	1.02E-03	7.28E-04	1.52E-04	7.38E-04	1.10E-03	1.07E-03	3.84E-04	5.67E-08
A[T>G]T	7.85E-05	5.38E-04	6.92E-04	1.46E-04	6.74E-04	4.14E-04	6.34E-04	6.08E-04	1.51E-03
C[C>A]A	4.33E-04	1.35E-03	1.25E-03	1.57E-03	1.52E-03	1.16E-03	7.90E-04	1.27E-03	1.02E-03
C[C>A]C	2.02E-04	1.31E-03	6.16E-04	1.60E-03	8.66E-04	1.13E-03	1.52E-03	6.82E-04	2.64E-08
C[C>A]G	9.59E-05	6.46E-04	6.59E-04	7.69E-04	5.93E-04	3.96E-04	4.71E-04	6.32E-04	3.01E-08
C[C>A]T	3.53E-04	1.20E-03	1.10E-03	1.92E-03	1.11E-03	7.25E-04	1.37E-03	1.09E-03	2.64E-08
C[C>G]A	4.54E-04	8.45E-04	9.82E-04	1.75E-04	1.10E-03	1.17E-03	1.31E-03	1.09E-03	1.19E-04
C[C>G]C	5.18E-04	1.14E-03	9.38E-04	1.12E-03	7.92E-04	6.81E-04	1.00E-03	7.45E-04	7.31E-05
C[C>G]G	2.40E-05	4.22E-04	4.17E-04	3.22E-04	4.09E-04	4.52E-04	5.23E-04	3.09E-04	2.57E-08
C[C>G]T	5.94E-04	1.19E-03	1.81E-03	1.67E-03	1.33E-03	1.06E-03	9.98E-04	1.45E-03	3.44E-04
C[C>T]A	6.40E-04	3.14E-03	2.44E-03	1.19E-03	2.68E-03	1.86E-03	3.85E-03	1.61E-03	1.29E-03
C[C>T]C	5.57E-04	2.17E-03	2.43E-03	1.60E-03	1.69E-03	2.10E-03	1.22E-03	1.31E-03	9.27E-04
C[C>T]G	1.11E-03	3.76E-03	3.14E-03	1.54E-03	3.51E-03	4.37E-03	2.41E-03	2.13E-03	1.29E-03
C[C>T]T	5.75E-04	2.01E-03	2.04E-03	1.51E-03	1.89E-03	2.13E-03	1.81E-03	2.27E-03	1.68E-03
C[T>A]A	3.80E-04	7.44E-04	9.22E-04	5.22E-04	6.21E-04	1.09E-03	9.22E-04	5.42E-04	7.22E-04
C[T>A]C	4.75E-04	8.83E-04	7.80E-04	1.89E-04	8.35E-04	9.19E-04	8.69E-04	7.04E-04	6.37E-04
C[T>A]G	7.66E-04	1.11E-03	9.67E-04	7.78E-04	1.08E-03	8.26E-04	6.51E-04	3.39E-04	1.10E-03
C[T>A]T	1.15E-04	6.38E-04	1.18E-03	9.52E-04	1.15E-03	1.27E-03	9.94E-04	1.26E-03	3.28E-04
C[T>C]A	3.72E-04	8.35E-04	5.72E-04	5.37E-04	7.29E-04	5.03E-04	1.02E-03	3.50E-04	1.42E-04
C[T>C]C	4.74E-04	4.92E-04	5.78E-04	8.37E-04	7.30E-04	2.67E-04	5.45E-04	5.60E-04	1.27E-03
C[T>C]G	4.46E-04	8.64E-04	9.01E-04	5.84E-04	1.46E-03	1.41E-03	7.20E-04	1.45E-03	2.28E-03
C[T>C]T	3.84E-07	1.45E-03	1.39E-03	2.61E-04	1.06E-03	1.02E-03	1.42E-03	1.12E-03	1.42E-03
C[T>G]A	8.76E-05	1.27E-04	3.39E-04	2.02E-04	2.31E-04	7.35E-05	2.02E-04	3.67E-04	4.43E-05
C[T>G]C	2.68E-04	4.27E-04	5.53E-04	9.87E-05	5.16E-04	6.76E-04	6.90E-04	3.22E-04	1.34E-03
C[T>G]G	2.82E-04	1.46E-03	1.36E-03	9.79E-04	1.24E-03	9.57E-04	9.68E-04	1.14E-03	7.70E-04
C[T>G]T	1.72E-04	2.33E-04	6.14E-04	3.93E-05	6.10E-04	1.53E-04	4.25E-05	1.12E-03	4.84E-03
G[C>A]A	6.58E-04	1.18E-03	1.08E-03	1.09E-03	1.15E-03	9.68E-04	1.15E-03	8.94E-04	1.91E-04
G[C>A]C	1.85E-04	1.25E-03	2.12E-03	1.98E-03	1.07E-03	2.07E-03	1.52E-03	1.78E-03	1.08E-03
G[C>A]G	3.17E-04	1.01E-03	1.06E-03	9.73E-04	1.35E-03	1.02E-03	8.79E-04	1.10E-03	1.91E-04
G[C>A]T	2.44E-04	6.65E-04	2.96E-03	1.29E-03	1.55E-03	1.77E-03	2.11E-03	1.02E-03	1.34E-03
G[C>G]A	3.25E-04	7.20E-04	1.77E-03	5.07E-04	1.12E-03	1.39E-03	9.84E-04	1.19E-03	1.07E-03
G[C>G]C	2.61E-04	7.09E-04	6.69E-04	5.73E-04	9.47E-04	7.16E-04	1.16E-03	4.30E-04	1.95E-04
G[C>G]G	7.55E-08	3.56E-04	4.29E-04	3.43E-04	2.47E-04	4.30E-04	2.64E-04	8.98E-04	8.56E-08
G[C>G]T	4.07E-04	5.67E-04	1.05E-03	9.63E-04	1.41E-03	1.14E-03	5.60E-04	1.60E-03	3.57E-04
G[C>T]A	7.99E-04	1.92E-03	2.60E-03	1.40E-03	3.40E-03	2.86E-03	1.67E-03	1.72E-03	9.19E-04
G[C>T]C	5.20E-04	2.07E-03	2.51E-03	1.19E-03	2.74E-03	2.46E-03	2.30E-03	2.82E-03	1.42E-03
G[C>T]G	1.47E-03	4.82E-03	3.17E-03	7.49E-04	3.37E-03	4.61E-03	4.38E-03	2.19E-03	7.97E-04
G[C>T]T	4.82E-04	2.23E-03	2.35E-03	1.71E-03	2.10E-03	2.05E-03	2.63E-03	1.96E-03	1.72E-03
G[T>A]A	6.73E-05	7.34E-04	7.54E-04	8.98E-04	8.23E-04	8.52E-04	2.21E-04	4.57E-04	3.27E-04
G[T>A]C	2.64E-04	6.33E-04	1.17E-03	3.35E-04	9.64E-04	4.88E-04	1.13E-03	5.58E-04	8.70E-08
G[T>A]G	3.30E-04	8.00E-04	6.31E-04	4.90E-04	8.33E-04	5.73E-04	8.82E-04	7.80E-04	1.69E-04
G[T>A]T	4.58E-08	1.64E-04	2.50E-04	5.86E-04	5.18E-04	3.31E-04	4.63E-04	4.27E-04	9.44E-04
G[T>C]A	3.63E-04	6.49E-04	9.23E-04	3.55E-04	1.12E-03	9.37E-04	4.63E-04	7.21E-04	9.67E-04
G[T>C]C	7.38E-04	1.15E-03	1.50E-03	8.15E-05	1.59E-03	1.61E-03	9.37E-04	1.22E-03	8.13E-04
G[T>C]G	5.04E-04	1.11E-03	1.36E-03	6.12E-04	1.47E-03	1.47E-03	1.08E-03	1.23E-03	3.23E-04
G[T>C]T	2.30E-08	1.14E-03	1.13E-03	2.61E-04	1.23E-03	1.76E-03	1.92E-03	1.31E-03	1.07E-03
G[T>G]A	2.40E-04	3.90E-04	6.80E-04	1.05E-04	6.55E-04	2.75E-04	1.02E-03	2.01E-04	3.38E-08
G[T>G]C	2.92E-08	2.42E-04	1.63E-04	5.43E-04	2.94E-04	1.11E-04	2.73E-04	8.92E-05	2.06E-08
G[T>G]G	2.84E-08	5.58E-04	5.42E-04	5.39E-04	4.58E-04	5.15E-04	4.62E-04	2.51E-04	5.02E-05
G[T>G]T	4.06E-04	4.86E-04	6.55E-04	2.29E-04	8.18E-04	2.64E-04	8.49E-04	2.86E-04	8.81E-04
T[C>A]A	6.43E-04	1.88E-03	1.53E-03	1.30E-03	1.38E-03	1.49E-03	1.43E-03	2.07E-03	8.76E-04
T[C>A]C	7.48E-04	2.06E-03	1.57E-03	1.70E-03	2.12E-03	1.94E-03	2.52E-03	1.55E-03	1.08E-03
T[C>A]G	5.25E-04	3.90E-04	6.99E-04	1.25E-03	8.27E-04	6.04E-04	6.22E-04	1.28E-03	3.04E-08
T[C>A]T	3.92E-04	2.66E-03	3.35E-03	1.90E-03	2.01E-03	2.24E-03	2.00E-03	1.43E-03	2.59E-08
T[C>G]A	3.33E-03	8.77E-04	1.50E-03	6.54E-04	4.70E-03	9.47E-04	1.76E-03	1.81E-03	3.39E-08
T[C>G]C	1.56E-03	6.41E-04	1.93E-03	1.17E-03	2.91E-03	1.58E-03	1.30E-03	3.03E-03	1.05E-04
T[C>G]G	5.28E-04	4.99E-04	5.50E-04	2.79E-04	6.21E-04	2.55E-04	3.65E-04	2.02E-04	2.70E-08
T[C>G]T	2.91E-03	1.64E-03	2.27E-03	1.04E-03	5.57E-03	1.81E-03	1.38E-03	3.62E-03	7.82E-04
T[C>T]A	3.65E-03	3.79E-03	2.96E-03	1.39E-03	5.37E-03	2.55E-03	3.11E-03	2.97E-03	1.88E-03
T[C>T]C	1.38E-03	2.52E-03	2.83E-03	1.02E-03	3.18E-03	2.59E-03	3.43E-03	1.81E-03	1.33E-03
T[C>T]G	1.35E-03	3.34E-03	3.44E-03	1.47E-03	2.78E-03	3.15E-03	2.10E-03	2.39E-03	1.36E-04
T[C>T]T	2.15E-03	3.13E-03	1.67E-03	1.47E-03	4.68E-03	2.64E-03	1.69E-03	2.24E-03	1.51E-03
T[T>A]A	3.37E-08	3.77E-04	6.39E-04	7.02E-04	3.10E-04	6.06E-04	9.38E-04	2.34E-04	4.75E-05
T[T>A]C	1.85E-08	1.05E-03	1.28E-03	7.84E-04	9.65E-04	9.12E-04	9.22E-04	7.87E-04	6.06E-05
T[T>A]G	6.39E-05	5.41E-04	5.11E-04	3.28E-04	2.75E-04	4.84E-04	5.66E-04	3.05E-04	2.48E-08
T[T>A]T	2.42E-08	4.42E-04	2.90E-04	2.11E-04	2.84E-04	2.02E-04	3.77E-04	6.03E-04	1.87E-04
T[T>C]A	2.40E-08	7.09E-04	3.18E-04	5.94E-04	4.83E-04	3.26E-04	9.08E-04	4.56E-04	9.38E-04
T[T>C]C	5.27E-04	9.68E-04	8.81E-04	8.94E-04	9.91E-04	1.01E-03	7.06E-04	4.80E-04	1.27E-03
T[T>C]G	3.22E-05	5.82E-04	5.50E-04	2.90E-04	5.48E-04	2.63E-04	5.94E-04	1.17E-03	2.44E-04
T[T>C]T	2.12E-08	7.32E-04	9.76E-04	8.51E-04	7.59E-04	7.62E-04	1.44E-03	9.90E-04	5.04E-08
T[T>G]A	2.16E-08	2.70E-04	6.21E-04	2.50E-04	4.00E-04	5.48E-04	3.88E-04	2.28E-04	3.91E-04
T[T>G]C	9.16E-05	3.61E-04	7.22E-04	3.04E-04	5.55E-04	1.04E-03	4.10E-04	6.73E-04	1.14E-03
T[T>G]G	2.91E-08	4.67E-04	2.47E-04	2.53E-04	2.81E-04	2.87E-04	3.76E-04	7.15E-05	2.52E-08
T[T>G]T	2.19E-08	2.54E-04	7.08E-04	6.34E-05	3.56E-04	5.63E-04	1.06E-03	5.14E-04	3.45E-03
