MutationType	SBS96A	SBS96B	SBS96C	SBS96D	SBS96E	SBS96F	SBS96G	SBS96H	SBS96I
A[C>A]A	0.006249038189099707	0.007801605515460279	0.009500564913866612	0.016158890909711517	0.010177383915751648	0.02015694741735331	0.008196914258949483	0.0034763606567821625	0.0010230115727522281
A[C>A]C	0.0033671769935423868	0.03712034821869338	0.0066155703164385215	0.010468720956430956	0.011147866297265665	0.019173237213039727	0.007302264545745772	0.0029735886637520803	0.000702073847824381
A[C>A]G	0.00014956839102417519	0.0057982773990804095	0.005743196750563726	0.0008857966181360344	0.006305102346488241	0.005503078082094568	0.004405064139259878	0.0081150720929719	5.848085939952341e-07
A[C>A]T	9.99258864920094e-05	0.0008033129303620612	0.0036354875914192774	0.014260574787892893	0.0036510553933846524	0.0016946663942422723	0.0006377299302565831	0.008766981836809578	0.00017833844017772549
A[C>G]A	0.0015768590124018212	0.00524346046351809	0.0021672276776416055	0.004602834591338549	0.0050820717430517	0.0014894773144109052	0.0136028122429137	0.00863565363335482	0.0002188174475113769
A[C>G]C	0.002259176154713387	0.006282636039412779	0.005852247783587279	0.005235383387564099	0.00965025662359551	0.004703985872111866	0.0031013885962909173	0.0044113464016894	7.134377469819597e-07
A[C>G]G	0.0016128418170505655	0.002335248474596341	0.0007562956342555083	0.0046632282301346355	0.0022522877658047234	0.0007925025870434154	0.0016174431733071515	0.0002539730704908294	7.887176843723864e-07
A[C>G]T	3.0714598654668633e-07	0.002097108134491492	0.005704836135307118	0.000944329462758251	0.004094826656195103	0.007142780816642756	0.004754512028558624	0.0029094567094688985	0.007377683832050037
A[C>T]A	0.018456654380490534	0.0061213873960210205	0.007345640179505466	0.01848524584113875	0.01858869029339644	0.014151913397723348	0.0028557669710093593	0.009052309981318984	0.009727078112528743
A[C>T]C	0.0018358326417984472	0.023443040268975323	0.02647715383715493	0.001231577670941988	0.01957385657697671	0.012919784102922733	0.0419987890473567	0.024954154261285097	0.00800467896483525
A[C>T]G	0.011632026827865048	0.0560709201451391	0.050779367377540435	0.021160312162246554	0.02712358244221605	0.12728464411571622	0.032231059275015926	0.0610086339438692	0.015673132303250483
A[C>T]T	0.014868798232976132	0.0027358076532854624	0.00793832249382774	0.01512791505972018	0.007833053382853308	0.006565163805263694	0.007665260177532786	0.027810692468280395	0.010369983528221383
A[T>A]A	2.2892482535397107e-07	0.006311962220276968	0.0042503708139413395	0.0003826601890896342	0.00272616366946707	0.003339780366336811	0.018816440133833795	0.0010891809489440617	6.681199626257239e-07
A[T>A]C	2.634316928507019e-07	0.016970025793032698	0.005460641989751877	0.0011088420129189759	0.006041815549168063	0.008635620992410935	0.007643736099979605	0.004219077808222522	5.388190749755495e-07
A[T>A]G	0.0022599634765060016	0.00557578679211904	0.001603215586046467	0.0009363097579190205	0.001410031550450057	0.0025802934817421887	0.0025314072854153834	0.00876648603761609	0.0009023012285923215
A[T>A]T	1.662435192439915e-07	0.006820930424106351	0.0012531797212900386	0.010921256416708687	0.0009191871261956219	0.0031162790338765942	0.001246505407159333	0.00924029667193679	0.015408260156089284
A[T>C]A	0.004419219949304178	0.008419878452817074	0.009360740224122832	0.01135655438406161	0.005285895908077087	0.007952225062066987	0.006884120493238015	0.010017209398394228	0.00024368264501966052
A[T>C]C	1.2402661257959746e-07	0.0023216179056060327	0.002376516599341727	0.009625159628533098	0.0038423598967455065	0.005022710228301435	0.0019096829778726754	0.0071415378185110965	0.031084214032935053
A[T>C]G	0.0023289413170689954	0.013731455178166527	0.011296999722238183	0.010120364188945921	0.010627879504473867	0.009496571724629348	0.028360094499875005	0.008186398221810266	2.380289941150693e-07
A[T>C]T	0.0029598480002347573	0.007557822501377984	0.016687982428564396	0.004979087960837485	0.010419492824452661	0.011726679598872636	0.006156930015090296	0.0046520384769047915	0.02711361283882013
A[T>G]A	3.379829905370002e-07	0.001017184932690469	0.0029938849838995686	0.0049776774853309644	0.0024195099853109524	0.0019543838294104176	0.0013834870938876699	0.0049134124102045	0.010148643661188998
A[T>G]C	2.6183378562194546e-07	0.00040149171063049496	0.0023018044061904595	0.0005156022584611719	0.0021623878205425306	0.004307367773998294	0.001110829920219345	0.0010431824238313165	0.01775469764385093
A[T>G]G	0.0015160595748607265	0.00703780795462535	0.004260983647551626	0.00024265617148458318	0.004283528813383697	0.008914214675725986	0.007348451795761974	0.0014846717173557166	6.416251378915661e-07
A[T>G]T	0.00012703820907180585	0.002378998821389473	0.00399873247437391	0.00022056934042214316	0.003559280519950789	0.0013152558053732121	0.002964379557345893	0.0024702090778534113	0.02781602441802761
C[C>A]A	0.004260567218466776	0.009591074995185262	0.011233037656467104	0.042814935492006045	0.010800392823401665	0.009737166605472539	0.004540110374911706	0.01672658960269473	0.01005501154739001
C[C>A]C	0.0005978242167242698	0.011710930830033278	0.0032782066862963076	0.04181203095242381	0.005282577243613602	0.009248012699276052	0.012668435887761405	0.004280962151118786	2.284039791522474e-07
C[C>A]G	9.627095892732029e-05	0.0030058739121234623	0.003492656281641828	0.007403525877582524	0.002546260398662952	0.0017513041539140772	0.0014662027899061977	0.004927834031857117	6.862489560433004e-07
C[C>A]T	0.0015951464406636618	0.008063711427208624	0.008302514069821888	0.04931609832681715	0.0075110768172179125	0.002708575238722304	0.015189703492818224	0.009726919141414214	2.134306924261864e-07
C[C>G]A	0.00407163287293578	0.004994372207888311	0.007374234333559002	0.0005778546522346772	0.007355805351228497	0.007705119899912205	0.009645444030570615	0.009013938320794779	0.00016930952145587596
C[C>G]C	0.005118362787434592	0.00944482716723968	0.005030080573491684	0.02120641790328648	0.0030473221823748274	0.004059404775456272	0.008265491079803837	0.005305333171897981	7.354114551382906e-05
C[C>G]G	2.4719900236505053e-05	0.0020493111851942556	0.002448836657623019	0.0011396954807310067	0.0012910883797314198	0.0015304571176159242	0.0025488200305059648	0.0011856758023187641	8.055026128772624e-07
C[C>G]T	0.007149902410827309	0.005886343409541297	0.012984309907657731	0.028517662724369758	0.009390509066158757	0.004816613289249645	0.006065888216711812	0.01591965094984289	0.00046579058983070354
C[C>T]A	0.007866969831753478	0.034381868437711204	0.025808787315754388	0.02089188958495498	0.022023361565437653	0.016100137389926203	0.06222548017371082	0.0168810434091381	0.01733248408364915
C[C>T]C	0.003691050326210501	0.020494475386607577	0.02389085851990785	0.02284371713544033	0.010249450721883734	0.016111541149275013	0.009845839821215919	0.0093070522823551	0.00871831348107932
C[C>T]G	0.01737447359736507	0.040513129570434785	0.041040337901049495	0.023136425515444328	0.039500506268011576	0.08822122510522604	0.02629577853181786	0.009959505621136486	0.018012072324724217
C[C>T]T	0.006772460274633545	0.018381576056706306	0.020598747480023577	0.02036203517112881	0.01613641222990282	0.027553017421695927	0.017642471836370247	0.02746384258462001	0.03257043259677516
C[T>A]A	0.00443174414061751	0.0038461314151073366	0.004196113654081444	0.004851365686021864	0.002882080341488802	0.00871092428916242	0.0053528965701143605	0.0020019944301805028	0.006967744659559543
C[T>A]C	0.0051954723204448786	0.006064134710496703	0.004147696711203536	0.0004748730664191747	0.004484939695125476	0.005946978964555356	0.007661356472277134	0.004254488713687738	0.006391817605361467
C[T>A]G	0.0113705033329677	0.007162659136366401	0.0055732051583248675	0.008567589849924638	0.006282358252088329	0.004711826184701095	0.003973559096358059	0.0010840813490192059	0.013929897733764846
C[T>A]T	0.00016177400299611123	0.002451392695856782	0.00821129020778649	0.010275315442789222	0.006619366224373806	0.00877062364994913	0.008380436282860018	0.011317946235024086	0.0004900365352424974
C[T>C]A	0.0018421234732988268	0.0044333206111505956	0.002567792433812599	0.004924834458410175	0.004601648896748074	0.002052453667953813	0.008314707602948772	0.001279727972644764	0.00023627623085211268
C[T>C]C	0.004257760031467228	0.0019670773486025438	0.0032611068196470683	0.010592172741435774	0.00413368194475531	0.0008468576157160613	0.0025311852952934542	0.003472947638275912	0.020756280436595487
C[T>C]G	0.0032341530222873872	0.004101647396811252	0.006160559775441925	0.004834708256511373	0.012810374900199975	0.009437888838336602	0.003503548120711528	0.017566934098621232	0.04925397241488099
C[T>C]T	4.4471775957788394e-07	0.008654711942913878	0.007189619657106832	0.0004414190023530296	0.006766087725000603	0.00775874561173282	0.014963658641588608	0.011169043641500096	0.01572814794003591
C[T>G]A	8.81781844007179e-05	0.000128884208584239	0.0018009071038812862	0.0007732203221471678	0.0004625055027506164	0.00015052027277761225	0.0004313055434501223	0.0032425395103312838	4.546922822271427e-05
C[T>G]C	0.0016318130538324027	0.0010691613944614885	0.0018238330412357834	0.00013897906853472364	0.0018990709895928858	0.002956997518178106	0.004333226832406893	0.0006402695131333047	0.01950318368555486
C[T>G]G	0.0016033668276129731	0.010391259081520872	0.01110110993076006	0.013079535922713034	0.008062741128000183	0.006148696993993354	0.006197932951031788	0.01432118172063781	0.007221577448338862
C[T>G]T	0.0006954836861363489	0.0005539411643681191	0.001534258303194367	3.9501763509832696e-05	0.0018086055936169742	0.0002472956639141444	4.351998900659737e-05	0.007601711606875767	0.20998148411512374
G[C>A]A	0.00910734702313178	0.008002456804602326	0.007289616905983109	0.015810092805806305	0.010522403905200334	0.006803914751063793	0.006703151922300634	0.00720445333200928	0.0003763789891570113
G[C>A]C	0.0006407029772765326	0.010045483319594838	0.02538887258075647	0.04075478224720541	0.008153276210746867	0.013451183668145319	0.011853767030845007	0.024338399314592606	0.010054657557117572
G[C>A]G	0.0023338463341321613	0.005579904511559164	0.008651585485682602	0.015624236820846705	0.010504624687735884	0.006140928171270841	0.005197201116171186	0.009376269024439594	0.00033197113811173296
G[C>A]T	0.0012862921072024137	0.003136299667018534	0.02168654494409168	0.011365734304538364	0.008763361765609332	0.009447013899363128	0.014540067999802488	0.004127744119309575	0.007255953310739427
G[C>G]A	0.0005573798293615795	0.002790178194034212	0.016474840134507146	0.001444023783276701	0.006755604297075877	0.007643273259108412	0.004704729119142606	0.005344184295213168	0.004390528059890553
G[C>G]C	0.00174601949603018	0.00452594888617142	0.003958907532103239	0.005034250342866642	0.006344390755697021	0.004097710528252208	0.008597537989328581	0.0013329823652798467	0.000347799288913393
G[C>G]G	5.525990537336156e-07	0.001375240726432203	0.001414880666680176	0.0013189341316704173	0.0006832469314120715	0.0015493786368234908	0.0009131749536796008	0.009051978680941222	9.192496959542495e-07
G[C>G]T	0.0029545365061481553	0.0020026219083604246	0.006599470613641785	0.007530804830548306	0.009632934674979766	0.006772911293147672	0.0018864488260214784	0.0192018630378044	0.0006249243276359095
G[C>T]A	0.009375222693671005	0.01621573675305285	0.026622687808498996	0.024813267132267357	0.029857277536846142	0.025937302440330542	0.009208871642022417	0.017059595982009342	0.009144708308124772
G[C>T]C	0.004322042769258587	0.01553195872592937	0.025560750310447702	0.008264527329724842	0.02302489939017814	0.021306546620509154	0.023883437624792805	0.03744016988610383	0.019218021022524772
G[C>T]G	0.021943989176988907	0.12759526297450066	0.0364674951955476	0.005310003535123542	0.041602987266414856	0.06416900745183966	0.09233924896456301	0.030810301968713247	0.008056438243947923
G[C>T]T	0.0035740560473794857	0.021929956575384893	0.026583238355364358	0.03516033999156207	0.017699494432677546	0.020481113084946153	0.023129756174482877	0.006694724177957028	0.024976249468454555
G[T>A]A	6.76053665760179e-05	0.004123587242791018	0.003285571416206352	0.010650891293173146	0.004133281789691345	0.005139269538206181	0.0008570291025686228	0.0014224444854828277	0.0007801265427183424
G[T>A]C	0.0020331139771928262	0.003130690452837942	0.008586012625483334	0.0010611863232734464	0.005259401229795308	0.001811862622368352	0.010477618150810173	0.0022256134919365423	6.754834964084466e-07
G[T>A]G	0.0024541707647746593	0.004168437855883571	0.002265349937596284	0.004254865104963983	0.005730449918603177	0.002097357764864114	0.006205800139548003	0.006470046868021519	0.00023533541368529144
G[T>A]T	3.953925886079901e-07	0.000398793917141802	0.000777163688892557	0.004651335776116863	0.0020235415897128916	0.0009435675376941788	0.0015967833317914427	0.0019157376635435242	0.009167172226897833
G[T>C]A	0.003034238106055582	0.0031832146010450303	0.009415395459866608	0.00143682619156273	0.008500307023064374	0.004351793717420338	0.0018196270604530795	0.00289772457898394	0.00888273795589413
G[T>C]C	0.00814095495752415	0.0056071245432753256	0.006754021351368849	0.00010841635716632325	0.012719370602460032	0.009752269367946199	0.00476582035462684	0.004310931713256707	0.007071004228958593
G[T>C]G	0.004987674553363774	0.005941943795480107	0.007258756864373623	0.00492769032836172	0.007268100532543933	0.00964605013090221	0.006990506011071886	0.010536260528335646	0.0007741463487429456
G[T>C]T	8.555807880838983e-08	0.008096271649746996	0.0088625084545248	0.0006862498973968289	0.005646952219844934	0.014290818063643088	0.019846741713116955	0.013532980075973882	0.00902074436175667
G[T>G]A	0.0017046366752797937	0.0010068427935911828	0.0027612660853088755	0.00017708098571084463	0.0027101501805353225	0.0010051386443558385	0.010369015016229355	0.0004410361092383397	7.481676948373206e-07
G[T>G]C	6.0099836126426e-07	0.0009563018729204487	0.0004292436224909579	0.004360356652568704	0.0008904808297378964	0.00023877214629408172	0.0008056821092458222	0.00011789954830909721	8.697621871078809e-07
G[T>G]G	3.301476041217555e-07	0.0031530014889529666	0.003838156697289108	0.00491039589273484	0.002138450733304609	0.0025044571777317515	0.001610483407319876	0.0009273159272983878	7.089722452363389e-05
G[T>G]T	0.0031165900274769953	0.0021378462133671405	0.0031366388174819447	0.0007021306559375517	0.004338612708109935	0.000880831133197475	0.005299344453670738	0.000879570050149141	0.0074431557211470075
T[C>A]A	0.009741044773514887	0.016094080295509912	0.014118788722503267	0.015545527803332675	0.012061375681463211	0.010153329438907122	0.008888415946258589	0.027311087290140677	0.009022887342196669
T[C>A]C	0.0093679133536466	0.016818489828215207	0.01743681259240475	0.038544173622503876	0.019852153267630682	0.014331637262494326	0.03556501769508149	0.009005392508070998	0.009003323751202642
T[C>A]G	0.004919263391143716	0.001210042532045108	0.003954627381003348	0.024453201349458595	0.004614139220818956	0.0026560723629687998	0.002049679556352828	0.014737084732186361	4.566348734602599e-07
T[C>A]T	0.002272620257265494	0.019999279621089227	0.06156488786893646	0.030360267881477512	0.012679520414160095	0.013719324762206782	0.01627720767056246	0.006232423179073407	1.3835603442036158e-07
T[C>G]A	0.1652327411621809	0.003432726503374646	0.0051722789277157235	0.004635002144327132	0.02871416703101602	0.0035601112540317105	0.011401884517723601	0.010636799038409209	2.413280651314409e-07
T[C>G]C	0.04659964239224792	0.0018257009073174401	0.016025236915867536	0.014540933963222641	0.020529385215222077	0.011085913338015061	0.005873052633116558	0.043497840893344346	0.00018310029076273437
T[C>G]G	0.006936887423674989	0.0020255236367621877	0.002628481454066396	0.0008793372872246152	0.0033991027684933785	0.0006520423210818649	0.00133962680063064	0.0003403256943798283	7.801991739597724e-07
T[C>G]T	0.16074381336569787	0.010725742924481096	0.025310229681037164	0.010336148430314012	0.06900362048877469	0.011704579078757433	0.00938937982347511	0.059397290468868394	0.007246926074540454
T[C>T]A	0.1730014792084694	0.04632510727895351	0.03070605440077884	0.027737341159954666	0.05891386268411566	0.02031377302668261	0.027534749992688318	0.042615267008509365	0.043847229201346635
T[C>T]C	0.031377256173836854	0.02652490494613076	0.03439904070692137	0.010323534061899408	0.035722190976666755	0.025539364211981594	0.060816964434748114	0.023717607347134618	0.01853167249090248
T[C>T]G	0.052947109621018174	0.05343081660983444	0.03997949820976146	0.026151546502151176	0.03836702744215927	0.042406273267670824	0.013709112579801399	0.03672824571374804	0.00023798625171707498
T[C>T]T	0.07673091687262058	0.044916094141804024	0.018483196726078857	0.027080124840140343	0.059909604324493555	0.029606198747940196	0.018071713895415085	0.0266294234841871	0.025604711985215543
T[T>A]A	4.460428431229957e-07	0.0013415604184253028	0.002770983604308306	0.008116844631828712	0.0011555096390687236	0.0027673465099825024	0.007285606319751139	0.00048338924269859975	4.818022620497686e-05
T[T>A]C	9.466824060666568e-08	0.010280949427775283	0.011409454783755777	0.007083674161463663	0.005675703518348598	0.00622908319541402	0.0067278465369992446	0.004256441174621202	6.10562390090763e-05
T[T>A]G	0.00010385996945984744	0.0024563397829160927	0.0022114872337920134	0.0014606570771476869	0.0008725944706738886	0.0016741088724059239	0.0018362462610214435	0.0008304556305208877	8.125881338116869e-07
T[T>A]T	4.624586075863135e-07	0.0017587163374599868	0.0012056042612124428	0.00040307399012156963	0.0009371101586012287	0.0006178362791615655	0.0013315241366566965	0.005200741760859273	0.0002936072277304902
T[T>C]A	1.775675018400591e-07	0.006230823934368459	0.001375947251743881	0.008929551297473708	0.0016894356951733158	0.001460432562795404	0.004077708085127796	0.002981346256907571	0.01263716461859758
T[T>C]C	0.007615239175171311	0.005273642549172628	0.0056290877091194425	0.011236500492771598	0.004811794405327632	0.0048075983326665295	0.00453353192360872	0.001562191157595123	0.01966903828962586
T[T>C]G	3.281224182675402e-05	0.003595999053701142	0.0021842096221227083	0.0009725137871223133	0.0020578458289448776	0.0009041628640375166	0.002363492541908059	0.012060902581695246	0.00040567003634407685
T[T>C]T	1.1432185057912972e-07	0.005793089328520011	0.007054428865772824	0.011256170628012043	0.003098926517398297	0.004952703922074413	0.017785136256775046	0.010172670558102581	4.065205057700641e-07
T[T>G]A	4.528340835463496e-07	0.0005580027253052577	0.0032759025187351653	0.000649859611804331	0.0016489049979662696	0.0027581854527755924	0.0014920764513615126	0.00048513615570151104	0.0015707532274035429
T[T>G]C	0.00013969588687487544	0.001484506487202939	0.0033820230260378638	0.0006312679559118983	0.002333412087755846	0.007316084059344803	0.001560716988106714	0.0057580302749221345	0.013864628595638634
T[T>G]G	5.616201092095707e-07	0.002539355774724186	0.0008226075867867166	0.000623275632877629	0.0009469515272766671	0.0010389499239681754	0.001803157015792749	9.821843495373628e-05	9.023439193356353e-07
T[T>G]T	1.5719059777818957e-07	0.0009834693381412763	0.00341909323777287	6.367998891849248e-05	0.0009762658352628506	0.002060487931505364	0.007872227270679133	0.0033583309805671037	0.08788697987794876
