MutationType	DBS78A	DBS78B	DBS78C	DBS78D	DBS78E	DBS78F	DBS78G	DBS78H	DBS78I
AC>CA	4.57E-07	5.61E-07	6.68E-07	4.81E-07	6.16E-07	7.06E-07	4.40E-07	7.62E-07	4.93E-07
AC>CG	4.57E-07	5.61E-07	6.68E-07	4.81E-07	6.16E-07	7.06E-07	4.40E-07	7.62E-07	4.93E-07
AC>CT	4.57E-07	5.61E-07	6.68E-07	4.81E-07	6.16E-07	7.06E-07	4.40E-07	7.62E-07	4.93E-07
AC>GA	4.57E-07	5.61E-07	6.68E-07	4.81E-07	6.16E-07	7.06E-07	4.40E-07	7.62E-07	4.93E-07
AC>GG	4.57E-07	5.61E-07	6.68E-07	4.81E-07	6.16E-07	7.06E-07	4.40E-07	7.62E-07	4.93E-07
AC>GT	4.57E-07	5.61E-07	6.68E-07	4.81E-07	6.16E-07	7.06E-07	4.40E-07	7.62E-07	4.93E-07
AC>TA	2.22E-03	6.90E-07	8.45E-07	4.80E-03	8.13E-07	2.22E-03	5.39E-03	3.04E-03	3.05E-03
AC>TG	4.57E-07	5.61E-07	6.68E-07	4.81E-07	6.16E-07	7.06E-07	4.40E-07	7.62E-07	4.93E-07
AC>TT	1.09E-03	3.99E-03	5.35E-03	5.36E-07	3.39E-03	5.29E-03	5.96E-04	1.07E-06	6.37E-07
AT>CA	4.57E-07	5.61E-07	6.68E-07	4.81E-07	6.16E-07	7.06E-07	4.40E-07	7.62E-07	4.93E-07
AT>CC	4.57E-07	5.61E-07	6.68E-07	4.81E-07	6.16E-07	7.06E-07	4.40E-07	7.62E-07	4.93E-07
AT>CG	4.57E-07	5.61E-07	6.68E-07	4.81E-07	6.16E-07	7.06E-07	4.40E-07	7.62E-07	4.93E-07
AT>GA	4.57E-07	5.61E-07	6.68E-07	4.81E-07	6.16E-07	7.06E-07	4.40E-07	7.62E-07	4.93E-07
AT>GC	4.57E-07	5.61E-07	6.68E-07	4.81E-07	6.16E-07	7.06E-07	4.40E-07	7.62E-07	4.93E-07
AT>TA	4.96E-04	2.97E-03	7.67E-07	1.59E-03	1.31E-03	8.59E-03	4.19E-03	6.40E-03	4.74E-03
CC>AA	1.32E-02	1.63E-02	2.19E-02	2.13E-02	1.98E-02	2.10E-02	1.32E-02	1.82E-02	3.14E-07
CC>AG	3.45E-03	2.99E-03	2.10E-03	1.86E-02	3.19E-03	6.03E-03	8.92E-03	1.27E-02	3.51E-03
CC>AT	4.07E-03	1.03E-02	8.53E-03	2.58E-03	2.16E-02	1.08E-02	6.00E-03	5.39E-03	1.33E-03
CC>GA	1.36E-03	5.75E-04	7.64E-03	4.23E-03	9.91E-03	7.49E-03	1.03E-02	5.85E-03	4.28E-03
CC>GG	4.57E-07	5.61E-07	6.68E-07	4.81E-07	6.16E-07	7.06E-07	4.40E-07	7.62E-07	4.93E-07
CC>GT	8.73E-04	5.87E-03	1.51E-03	2.69E-03	8.01E-07	2.89E-03	4.16E-03	1.17E-03	3.41E-03
CC>TA	2.55E-03	3.81E-03	4.32E-03	1.46E-03	1.17E-02	9.56E-03	5.47E-03	1.06E-02	3.42E-03
CC>TG	4.57E-07	5.61E-07	6.68E-07	4.81E-07	6.16E-07	7.06E-07	4.40E-07	7.62E-07	4.93E-07
CC>TT	1.45E-03	4.13E-03	9.07E-04	7.18E-03	1.11E-03	1.30E-02	5.22E-03	2.83E-03	2.08E-02
CG>AT	3.53E-03	2.68E-03	1.80E-03	4.24E-03	1.66E-03	6.05E-03	1.22E-03	1.28E-02	4.30E-03
CG>GC	7.22E-07	6.34E-07	2.00E-03	6.12E-07	7.32E-07	2.22E-03	4.03E-07	2.85E-03	1.21E-02
CG>GT	9.82E-04	9.20E-03	4.24E-03	3.11E-04	9.52E-03	2.48E-03	5.28E-03	1.19E-03	5.40E-03
CG>TA	4.57E-07	5.61E-07	6.68E-07	4.81E-07	6.16E-07	7.06E-07	4.40E-07	7.62E-07	4.93E-07
CG>TC	4.57E-07	5.61E-07	6.68E-07	4.81E-07	6.16E-07	7.06E-07	4.40E-07	7.62E-07	4.93E-07
CG>TT	2.59E-03	1.50E-02	7.92E-03	3.00E-03	6.99E-03	5.18E-03	4.12E-03	3.67E-03	3.73E-03
CT>AA	2.95E-03	3.37E-03	1.97E-02	3.54E-04	7.13E-03	4.87E-03	4.22E-03	3.92E-03	2.72E-03
CT>AC	4.57E-07	5.61E-07	6.68E-07	4.81E-07	6.16E-07	7.06E-07	4.40E-07	7.62E-07	4.93E-07
CT>AG	9.31E-04	2.50E-03	1.79E-03	4.51E-03	8.32E-04	1.81E-03	1.65E-03	1.93E-02	5.57E-03
CT>GA	4.57E-07	5.61E-07	6.68E-07	4.81E-07	6.16E-07	7.06E-07	4.40E-07	7.62E-07	4.93E-07
CT>GC	4.57E-07	5.61E-07	6.68E-07	4.81E-07	6.16E-07	7.06E-07	4.40E-07	7.62E-07	4.93E-07
CT>GG	4.57E-07	5.61E-07	6.68E-07	4.81E-07	6.16E-07	7.06E-07	4.40E-07	7.62E-07	4.93E-07
CT>TA	7.68E-04	6.71E-07	2.00E-03	6.14E-03	9.12E-07	4.44E-03	5.25E-03	5.55E-03	1.37E-02
CT>TC	4.57E-07	5.61E-07	6.68E-07	4.81E-07	6.16E-07	7.06E-07	4.40E-07	7.62E-07	4.93E-07
CT>TG	4.57E-07	5.61E-07	6.68E-07	4.81E-07	6.16E-07	7.06E-07	4.40E-07	7.62E-07	4.93E-07
GC>AA	1.58E-03	2.92E-03	5.78E-03	7.61E-03	3.25E-03	2.14E-02	3.87E-03	5.07E-03	9.13E-03
GC>AG	4.57E-07	5.61E-07	6.68E-07	4.81E-07	6.16E-07	7.06E-07	4.40E-07	7.62E-07	4.93E-07
GC>AT	4.57E-07	5.61E-07	6.68E-07	4.81E-07	6.16E-07	7.06E-07	4.40E-07	7.62E-07	4.93E-07
GC>CA	4.74E-04	3.79E-03	5.09E-03	5.31E-07	2.78E-03	1.72E-03	1.84E-03	4.27E-03	3.74E-03
GC>CG	4.57E-07	5.61E-07	6.68E-07	4.81E-07	6.16E-07	7.06E-07	4.40E-07	7.62E-07	4.93E-07
GC>TA	4.57E-07	5.61E-07	6.68E-07	4.81E-07	6.16E-07	7.06E-07	4.40E-07	7.62E-07	4.93E-07
TA>AT	4.57E-07	5.61E-07	6.68E-07	4.81E-07	6.16E-07	7.06E-07	4.40E-07	7.62E-07	4.93E-07
TA>CG	4.57E-07	5.61E-07	6.68E-07	4.81E-07	6.16E-07	7.06E-07	4.40E-07	7.62E-07	4.93E-07
TA>CT	4.57E-07	5.61E-07	6.68E-07	4.81E-07	6.16E-07	7.06E-07	4.40E-07	7.62E-07	4.93E-07
TA>GC	4.57E-07	5.61E-07	6.68E-07	4.81E-07	6.16E-07	7.06E-07	4.40E-07	7.62E-07	4.93E-07
TA>GG	4.57E-07	5.61E-07	6.68E-07	4.81E-07	6.16E-07	7.06E-07	4.40E-07	7.62E-07	4.93E-07
TA>GT	4.57E-07	5.61E-07	6.68E-07	4.81E-07	6.16E-07	7.06E-07	4.40E-07	7.62E-07	4.93E-07
TC>AA	1.63E-03	9.95E-03	2.06E-03	2.30E-03	4.13E-03	2.88E-03	5.69E-03	3.44E-03	4.19E-03
TC>AG	1.40E-03	3.39E-03	7.82E-07	3.06E-03	4.61E-04	3.22E-03	4.15E-03	2.24E-03	4.92E-03
TC>AT	1.73E-03	2.52E-03	1.15E-02	1.56E-03	1.50E-03	2.85E-03	4.79E-03	1.81E-03	6.16E-03
TC>CA	3.80E-04	6.82E-07	1.40E-03	4.46E-03	8.83E-07	3.22E-03	1.95E-03	1.09E-02	1.11E-03
TC>CG	4.57E-07	5.61E-07	6.68E-07	4.81E-07	6.16E-07	7.06E-07	4.40E-07	7.62E-07	4.93E-07
TC>CT	4.09E-03	6.74E-03	2.26E-03	6.63E-07	3.10E-03	2.87E-03	6.09E-03	2.61E-03	4.00E-03
TC>GA	4.57E-07	5.61E-07	6.68E-07	4.81E-07	6.16E-07	7.06E-07	4.40E-07	7.62E-07	4.93E-07
TC>GG	4.57E-07	5.61E-07	6.68E-07	4.81E-07	6.16E-07	7.06E-07	4.40E-07	7.62E-07	4.93E-07
TC>GT	4.57E-07	5.61E-07	6.68E-07	4.81E-07	6.16E-07	7.06E-07	4.40E-07	7.62E-07	4.93E-07
TG>AA	1.40E-03	6.29E-03	1.44E-02	3.54E-03	7.70E-03	1.40E-02	2.29E-03	8.95E-03	8.01E-03
TG>AC	4.57E-07	5.61E-07	6.68E-07	4.81E-07	6.16E-07	7.06E-07	4.40E-07	7.62E-07	4.93E-07
TG>AT	2.27E-03	4.18E-03	7.36E-04	6.18E-03	2.26E-03	6.43E-03	5.12E-03	2.98E-03	1.50E-02
TG>CA	4.57E-07	5.61E-07	6.68E-07	4.81E-07	6.16E-07	7.06E-07	4.40E-07	7.62E-07	4.93E-07
TG>CC	4.57E-07	5.61E-07	6.68E-07	4.81E-07	6.16E-07	7.06E-07	4.40E-07	7.62E-07	4.93E-07
TG>CT	2.16E-03	4.70E-03	5.71E-03	5.80E-03	5.66E-03	7.63E-03	9.98E-03	1.92E-02	3.14E-03
TG>GA	4.57E-07	5.61E-07	6.68E-07	4.81E-07	6.16E-07	7.06E-07	4.40E-07	7.62E-07	4.93E-07
TG>GC	4.57E-07	5.61E-07	6.68E-07	4.81E-07	6.16E-07	7.06E-07	4.40E-07	7.62E-07	4.93E-07
TG>GT	4.57E-07	5.61E-07	6.68E-07	4.81E-07	6.16E-07	7.06E-07	4.40E-07	7.62E-07	4.93E-07
TT>AA	4.57E-07	5.61E-07	6.68E-07	4.81E-07	6.16E-07	7.06E-07	4.40E-07	7.62E-07	4.93E-07
TT>AC	4.57E-07	5.61E-07	6.68E-07	4.81E-07	6.16E-07	7.06E-07	4.40E-07	7.62E-07	4.93E-07
TT>AG	1.93E-03	1.85E-03	4.66E-03	1.01E-03	2.84E-03	2.04E-03	2.98E-03	2.15E-03	1.82E-03
TT>CA	4.57E-07	5.61E-07	6.68E-07	4.81E-07	6.16E-07	7.06E-07	4.40E-07	7.62E-07	4.93E-07
TT>CC	4.57E-07	5.61E-07	6.68E-07	4.81E-07	6.16E-07	7.06E-07	4.40E-07	7.62E-07	4.93E-07
TT>CG	4.57E-07	5.61E-07	6.68E-07	4.81E-07	6.16E-07	7.06E-07	4.40E-07	7.62E-07	4.93E-07
TT>GA	4.57E-07	5.61E-07	6.68E-07	4.81E-07	6.16E-07	7.06E-07	4.40E-07	7.62E-07	4.93E-07
TT>GC	4.57E-07	5.61E-07	6.68E-07	4.81E-07	6.16E-07	7.06E-07	4.40E-07	7.62E-07	4.93E-07
TT>GG	4.57E-07	5.61E-07	6.68E-07	4.81E-07	6.16E-07	7.06E-07	4.40E-07	7.62E-07	4.93E-07
