MutationType	DBS78A	DBS78B	DBS78C	DBS78D	DBS78E	DBS78F	DBS78G	DBS78H	DBS78I
AC>CA	1.6914343759708573e-05	1.126587747648955e-05	1.474170459459856e-05	1.099423361438312e-05	1.587071115636718e-05	1.3253184280301866e-05	9.516572399661527e-06	1.6736752542101385e-05	1.782463808694956e-05
AC>CG	1.6914343759708573e-05	1.126587747648955e-05	1.474170459459856e-05	1.099423361438312e-05	1.587071115636718e-05	1.3253184280301866e-05	9.516572399661527e-06	1.6736752542101385e-05	1.782463808694956e-05
AC>CT	1.6914343759708573e-05	1.126587747648955e-05	1.474170459459856e-05	1.099423361438312e-05	1.587071115636718e-05	1.3253184280301866e-05	9.516572399661527e-06	1.6736752542101385e-05	1.782463808694956e-05
AC>GA	1.6914343759708573e-05	1.126587747648955e-05	1.474170459459856e-05	1.099423361438312e-05	1.587071115636718e-05	1.3253184280301866e-05	9.516572399661527e-06	1.6736752542101385e-05	1.782463808694956e-05
AC>GG	1.6914343759708573e-05	1.126587747648955e-05	1.474170459459856e-05	1.099423361438312e-05	1.587071115636718e-05	1.3253184280301866e-05	9.516572399661527e-06	1.6736752542101385e-05	1.782463808694956e-05
AC>GT	1.6914343759708573e-05	1.126587747648955e-05	1.474170459459856e-05	1.099423361438312e-05	1.587071115636718e-05	1.3253184280301866e-05	9.516572399661527e-06	1.6736752542101385e-05	1.782463808694956e-05
AC>TA	0.002510275831713216	8.833025666998835e-06	1.2520819803071372e-05	0.026474787194956093	1.4095415457919813e-05	0.0022289525066361347	0.024120553842303737	0.008327086905409462	0.005711538144031465
AC>TG	1.6914343759708573e-05	1.126587747648955e-05	1.474170459459856e-05	1.099423361438312e-05	1.587071115636718e-05	1.3253184280301866e-05	9.516572399661527e-06	1.6736752542101385e-05	1.782463808694956e-05
AC>TT	0.0026115907976010815	0.009964379282571087	0.018104833457322233	9.076348230792064e-06	0.013315503113951195	0.01856953443029961	0.0006034719077191753	1.4701073310877538e-05	1.6815573577559916e-05
AT>CA	1.6914343759708573e-05	1.126587747648955e-05	1.474170459459856e-05	1.099423361438312e-05	1.587071115636718e-05	1.3253184280301866e-05	9.516572399661527e-06	1.6736752542101385e-05	1.782463808694956e-05
AT>CC	1.6914343759708573e-05	1.126587747648955e-05	1.474170459459856e-05	1.099423361438312e-05	1.587071115636718e-05	1.3253184280301866e-05	9.516572399661527e-06	1.6736752542101385e-05	1.782463808694956e-05
AT>CG	1.6914343759708573e-05	1.126587747648955e-05	1.474170459459856e-05	1.099423361438312e-05	1.587071115636718e-05	1.3253184280301866e-05	9.516572399661527e-06	1.6736752542101385e-05	1.782463808694956e-05
AT>GA	1.6914343759708573e-05	1.126587747648955e-05	1.474170459459856e-05	1.099423361438312e-05	1.587071115636718e-05	1.3253184280301866e-05	9.516572399661527e-06	1.6736752542101385e-05	1.782463808694956e-05
AT>GC	1.6914343759708573e-05	1.126587747648955e-05	1.474170459459856e-05	1.099423361438312e-05	1.587071115636718e-05	1.3253184280301866e-05	9.516572399661527e-06	1.6736752542101385e-05	1.782463808694956e-05
AT>TA	0.0005075627267032958	0.005270745052136102	1.1740517480319256e-05	0.0020156388111554307	0.0018385258633782991	0.045977011106543494	0.010084697289770492	0.013921249748376106	0.01768301823259435
CC>AA	0.8870975720882416	0.43135565184056757	0.34624342980866457	0.32464382861831836	0.2002276076728976	0.28289526658586456	0.5191790713369846	0.22955260173492703	9.174350557982513e-07
CC>AG	0.009088889842550626	0.009370271890954485	0.004433948790036923	0.4098701958358288	0.004497205682553016	0.023097938399334036	0.07016312879954523	0.08850560552076857	0.007277295569357565
CC>AT	0.011768559380374194	0.058761463571317805	0.034184908887109205	0.003396122648938611	0.4943316835910082	0.052891275798515824	0.030946718877655547	0.015757565223445635	0.0013476790475517725
CC>GA	0.002738585852072939	0.000583540510427783	0.02240999425839542	0.016113463090793614	0.029301223471395587	0.01312380671593532	0.05514558084905238	0.015736817015237766	0.011663507751724249
CC>GG	1.6914343759708573e-05	1.126587747648955e-05	1.474170459459856e-05	1.099423361438312e-05	1.587071115636718e-05	1.3253184280301866e-05	9.516572399661527e-06	1.6736752542101385e-05	1.782463808694956e-05
CC>GT	0.0013854305766265395	0.02315681656080642	0.0019173746386386382	0.006400443671772961	1.288397012473297e-05	0.007099356989040901	0.015104561480544305	0.0020522712342019933	0.011222058645496419
CC>TA	0.007647436551180838	0.008707442596145719	0.013039818964490534	0.0027351730580982853	0.052309646050049584	0.022691487352160457	0.01655860076030478	0.031204610069274875	0.005473635298512441
CC>TG	1.6914343759708573e-05	1.126587747648955e-05	1.474170459459856e-05	1.099423361438312e-05	1.587071115636718e-05	1.3253184280301866e-05	9.516572399661527e-06	1.6736752542101385e-05	1.782463808694956e-05
CC>TT	0.0037372251817232327	0.01259900252138362	0.000909384786332817	0.04543909582581989	0.0011176510487161165	0.08278751594828919	0.028767666899957186	0.005950764149673724	0.3625811658382918
CG>AT	0.005704719305472316	0.0034968285372408083	0.0025384074679130324	0.01288221769392976	0.0016772180054378874	0.010827383438597842	0.0012225937577635198	0.07047806663670031	0.010570444018033056
CG>GC	1.0061750781915728e-05	8.739404690735076e-06	0.002007252943170904	7.29444080876563e-06	1.336744195335138e-05	0.002229786651755822	6.773232153164926e-06	0.0028652039496644237	0.12125681704127601
CG>GT	0.0024054114624655694	0.050080108301994	0.005007758029546553	0.00031967798576462464	0.028435798021080698	0.003536220798467043	0.010202211361719993	0.0011990874748080665	0.009993644293951182
CG>TA	1.6914343759708573e-05	1.126587747648955e-05	1.474170459459856e-05	1.099423361438312e-05	1.587071115636718e-05	1.3253184280301866e-05	9.516572399661527e-06	1.6736752542101385e-05	1.782463808694956e-05
CG>TC	1.6914343759708573e-05	1.126587747648955e-05	1.474170459459856e-05	1.099423361438312e-05	1.587071115636718e-05	1.3253184280301866e-05	9.516572399661527e-06	1.6736752542101385e-05	1.782463808694956e-05
CG>TT	0.005692175250528742	0.19556912142428104	0.04442594667426641	0.005879881958845365	0.03504758344265034	0.01728546077472898	0.017168679158604216	0.009789856363078386	0.010202189433001933
CT>AA	0.007399266650321439	0.009494862573412649	0.28086534998493334	0.0003582999196742346	0.030913565698240098	0.015442741794113946	0.012798666650677425	0.012895804268762053	0.002736698071107217
CT>AC	1.6914343759708573e-05	1.126587747648955e-05	1.474170459459856e-05	1.099423361438312e-05	1.587071115636718e-05	1.3253184280301866e-05	9.516572399661527e-06	1.6736752542101385e-05	1.782463808694956e-05
CT>AG	0.0015729188972135582	0.0025033858336671435	0.0024177267444882803	0.01578693996471045	0.0008437313779626555	0.0031210408320489656	0.0022735091909863044	0.18519753388612842	0.01590677333340889
CT>GA	1.6914343759708573e-05	1.126587747648955e-05	1.474170459459856e-05	1.099423361438312e-05	1.587071115636718e-05	1.3253184280301866e-05	9.516572399661527e-06	1.6736752542101385e-05	1.782463808694956e-05
CT>GC	1.6914343759708573e-05	1.126587747648955e-05	1.474170459459856e-05	1.099423361438312e-05	1.587071115636718e-05	1.3253184280301866e-05	9.516572399661527e-06	1.6736752542101385e-05	1.782463808694956e-05
CT>GG	1.6914343759708573e-05	1.126587747648955e-05	1.474170459459856e-05	1.099423361438312e-05	1.587071115636718e-05	1.3253184280301866e-05	9.516572399661527e-06	1.6736752542101385e-05	1.782463808694956e-05
CT>TA	0.0010121667486060915	7.12855301745207e-06	0.002005311196065749	0.02839606253016782	1.1623132503700109e-05	0.004446753729500194	0.021926427983264628	0.010699822572916169	0.12531001050731902
CT>TC	1.6914343759708573e-05	1.126587747648955e-05	1.474170459459856e-05	1.099423361438312e-05	1.587071115636718e-05	1.3253184280301866e-05	9.516572399661527e-06	1.6736752542101385e-05	1.782463808694956e-05
CT>TG	1.6914343759708573e-05	1.126587747648955e-05	1.474170459459856e-05	1.099423361438312e-05	1.587071115636718e-05	1.3253184280301866e-05	9.516572399661527e-06	1.6736752542101385e-05	1.782463808694956e-05
GC>AA	0.0024933868183557176	0.00631211813140957	0.018820967765113276	0.03640102744127153	0.009148405111287707	0.2271628658616204	0.007979840252087733	0.008860632607720565	0.03681683098161005
GC>AG	1.6914343759708573e-05	1.126587747648955e-05	1.474170459459856e-05	1.099423361438312e-05	1.587071115636718e-05	1.3253184280301866e-05	9.516572399661527e-06	1.6736752542101385e-05	1.782463808694956e-05
GC>AT	1.6914343759708573e-05	1.126587747648955e-05	1.474170459459856e-05	1.099423361438312e-05	1.587071115636718e-05	1.3253184280301866e-05	9.516572399661527e-06	1.6736752542101385e-05	1.782463808694956e-05
GC>CA	0.0006737028192102912	0.014470487774900676	0.018249521961884056	9.35875373897943e-06	0.008344174289117063	0.0026973950303798098	0.003097663774682488	0.010354451224226544	0.003761749675181818
GC>CG	1.6914343759708573e-05	1.126587747648955e-05	1.474170459459856e-05	1.099423361438312e-05	1.587071115636718e-05	1.3253184280301866e-05	9.516572399661527e-06	1.6736752542101385e-05	1.782463808694956e-05
GC>TA	1.6914343759708573e-05	1.126587747648955e-05	1.474170459459856e-05	1.099423361438312e-05	1.587071115636718e-05	1.3253184280301866e-05	9.516572399661527e-06	1.6736752542101385e-05	1.782463808694956e-05
TA>AT	1.6914343759708573e-05	1.126587747648955e-05	1.474170459459856e-05	1.099423361438312e-05	1.587071115636718e-05	1.3253184280301866e-05	9.516572399661527e-06	1.6736752542101385e-05	1.782463808694956e-05
TA>CG	1.6914343759708573e-05	1.126587747648955e-05	1.474170459459856e-05	1.099423361438312e-05	1.587071115636718e-05	1.3253184280301866e-05	9.516572399661527e-06	1.6736752542101385e-05	1.782463808694956e-05
TA>CT	1.6914343759708573e-05	1.126587747648955e-05	1.474170459459856e-05	1.099423361438312e-05	1.587071115636718e-05	1.3253184280301866e-05	9.516572399661527e-06	1.6736752542101385e-05	1.782463808694956e-05
TA>GC	1.6914343759708573e-05	1.126587747648955e-05	1.474170459459856e-05	1.099423361438312e-05	1.587071115636718e-05	1.3253184280301866e-05	9.516572399661527e-06	1.6736752542101385e-05	1.782463808694956e-05
TA>GG	1.6914343759708573e-05	1.126587747648955e-05	1.474170459459856e-05	1.099423361438312e-05	1.587071115636718e-05	1.3253184280301866e-05	9.516572399661527e-06	1.6736752542101385e-05	1.782463808694956e-05
TA>GT	1.6914343759708573e-05	1.126587747648955e-05	1.474170459459856e-05	1.099423361438312e-05	1.587071115636718e-05	1.3253184280301866e-05	9.516572399661527e-06	1.6736752542101385e-05	1.782463808694956e-05
TC>AA	0.0033980496400686355	0.06732499861814446	0.0026752114992939138	0.004569154600649678	0.01281306836428408	0.007039772646047227	0.023097570630775163	0.005566714987367007	0.009529488894702353
TC>AG	0.002518200617196271	0.011237820554366708	1.166891894667166e-05	0.008362527886846464	0.0004737661293347628	0.006975161631808717	0.01798428915224491	0.0031567716327717894	0.014075353463329065
TC>AT	0.005002319000077716	0.004263274887577908	0.06776020520498782	0.0015659276180438363	0.002048872963385438	0.005798966140245168	0.00943932214641433	0.00295172438114563	0.01041961749552911
TC>CA	0.000391988837393864	8.912524089697866e-06	0.002467883409026866	0.013524423205921137	1.384980091415855e-05	0.0032252015084911364	0.002729805905133946	0.07987709471216121	0.0011253517310672123
TC>CG	1.6914343759708573e-05	1.126587747648955e-05	1.474170459459856e-05	1.099423361438312e-05	1.587071115636718e-05	1.3253184280301866e-05	9.516572399661527e-06	1.6736752542101385e-05	1.782463808694956e-05
TC>CT	0.01409984321408743	0.02800372834033359	0.00352922502954664	7.540837677359469e-06	0.010965240782651183	0.005976330603457677	0.02060980610793289	0.0026193970240184685	0.004012094730512672
TC>GA	1.6914343759708573e-05	1.126587747648955e-05	1.474170459459856e-05	1.099423361438312e-05	1.587071115636718e-05	1.3253184280301866e-05	9.516572399661527e-06	1.6736752542101385e-05	1.782463808694956e-05
TC>GG	1.6914343759708573e-05	1.126587747648955e-05	1.474170459459856e-05	1.099423361438312e-05	1.587071115636718e-05	1.3253184280301866e-05	9.516572399661527e-06	1.6736752542101385e-05	1.782463808694956e-05
TC>GT	1.6914343759708573e-05	1.126587747648955e-05	1.474170459459856e-05	1.099423361438312e-05	1.587071115636718e-05	1.3253184280301866e-05	9.516572399661527e-06	1.6736752542101385e-05	1.782463808694956e-05
TG>AA	0.0017964381458774714	0.014034093021805728	0.061959591042247214	0.0074538359321766005	0.02910922466942009	0.059038486241024014	0.004615117149117691	0.022814200429730088	0.022044226940932447
TG>AC	1.6914343759708573e-05	1.126587747648955e-05	1.474170459459856e-05	1.099423361438312e-05	1.587071115636718e-05	1.3253184280301866e-05	9.516572399661527e-06	1.6736752542101385e-05	1.782463808694956e-05
TG>AT	0.004924321313455135	0.01520141171767869	0.0007437364336228032	0.008838863659140977	0.002709615054358944	0.035777273175467056	0.01928538409768943	0.007208293387043584	0.16886293810525557
TG>CA	1.6914343759708573e-05	1.126587747648955e-05	1.474170459459856e-05	1.099423361438312e-05	1.587071115636718e-05	1.3253184280301866e-05	9.516572399661527e-06	1.6736752542101385e-05	1.782463808694956e-05
TG>CC	1.6914343759708573e-05	1.126587747648955e-05	1.474170459459856e-05	1.099423361438312e-05	1.587071115636718e-05	1.3253184280301866e-05	9.516572399661527e-06	1.6736752542101385e-05	1.782463808694956e-05
TG>CT	0.005926346606271357	0.015344777527039579	0.025480989665922476	0.016113576582178074	0.021543971340581926	0.03348134743274698	0.044925741857629015	0.14701931100957405	0.007674357484981833
TG>GA	1.6914343759708573e-05	1.126587747648955e-05	1.474170459459856e-05	1.099423361438312e-05	1.587071115636718e-05	1.3253184280301866e-05	9.516572399661527e-06	1.6736752542101385e-05	1.782463808694956e-05
TG>GC	1.6914343759708573e-05	1.126587747648955e-05	1.474170459459856e-05	1.099423361438312e-05	1.587071115636718e-05	1.3253184280301866e-05	9.516572399661527e-06	1.6736752542101385e-05	1.782463808694956e-05
TG>GT	1.6914343759708573e-05	1.126587747648955e-05	1.474170459459856e-05	1.099423361438312e-05	1.587071115636718e-05	1.3253184280301866e-05	9.516572399661527e-06	1.6736752542101385e-05	1.782463808694956e-05
TT>AA	1.6914343759708573e-05	1.126587747648955e-05	1.474170459459856e-05	1.099423361438312e-05	1.587071115636718e-05	1.3253184280301866e-05	9.516572399661527e-06	1.6736752542101385e-05	1.782463808694956e-05
TT>AC	1.6914343759708573e-05	1.126587747648955e-05	1.474170459459856e-05	1.099423361438312e-05	1.587071115636718e-05	1.3253184280301866e-05	9.516572399661527e-06	1.6736752542101385e-05	1.782463808694956e-05
TT>AG	0.005039802450020261	0.0022967627954471937	0.01702825909450439	0.0018758948106732706	0.008127327917034806	0.003912918491205346	0.00948664441257464	0.0045857547148288194	0.0018324024252240178
TT>CA	1.6914343759708573e-05	1.126587747648955e-05	1.474170459459856e-05	1.099423361438312e-05	1.587071115636718e-05	1.3253184280301866e-05	9.516572399661527e-06	1.6736752542101385e-05	1.782463808694956e-05
TT>CC	1.6914343759708573e-05	1.126587747648955e-05	1.474170459459856e-05	1.099423361438312e-05	1.587071115636718e-05	1.3253184280301866e-05	9.516572399661527e-06	1.6736752542101385e-05	1.782463808694956e-05
TT>CG	1.6914343759708573e-05	1.126587747648955e-05	1.474170459459856e-05	1.099423361438312e-05	1.587071115636718e-05	1.3253184280301866e-05	9.516572399661527e-06	1.6736752542101385e-05	1.782463808694956e-05
TT>GA	1.6914343759708573e-05	1.126587747648955e-05	1.474170459459856e-05	1.099423361438312e-05	1.587071115636718e-05	1.3253184280301866e-05	9.516572399661527e-06	1.6736752542101385e-05	1.782463808694956e-05
TT>GC	1.6914343686948995e-05	1.1265877474215812e-05	1.4741704487732932e-05	1.0994233659857855e-05	1.5870711147272233e-05	1.3253184353061442e-05	9.516572381471633e-06	1.6736752514816543e-05	1.7824638050569774e-05
TT>GG	1.6914343686948995e-05	1.1265877474215812e-05	1.4741704487732932e-05	1.0994233659857855e-05	1.5870711147272233e-05	1.3253184353061442e-05	9.516572381471633e-06	1.6736752514816543e-05	1.7824638050569774e-05
