MutationType	DBS78A	DBS78B	DBS78C	DBS78D	DBS78E	DBS78F
AC>CA	2.10E-04	1.69E-03	2.03E-03	2.19E-03	1.48E-03	2.57E-03
AC>CG	9.27E-08	3.88E-07	6.24E-07	3.83E-07	3.19E-07	4.82E-07
AC>CT	3.12E-04	8.55E-04	1.52E-03	1.57E-03	1.48E-03	1.23E-03
AC>GA	1.13E-04	9.80E-04	1.60E-03	1.25E-03	1.23E-03	1.13E-03
AC>GG	9.27E-08	3.88E-07	6.24E-07	3.83E-07	3.19E-07	4.82E-07
AC>GT	9.27E-08	3.88E-07	6.24E-07	3.83E-07	3.19E-07	4.82E-07
AC>TA	9.60E-05	1.14E-03	2.68E-03	1.31E-03	1.62E-03	2.05E-03
AC>TG	9.27E-08	3.88E-07	6.24E-07	3.83E-07	3.19E-07	4.82E-07
AC>TT	9.57E-05	1.43E-03	1.11E-03	6.97E-04	8.15E-04	1.45E-03
AT>CA	9.27E-08	3.88E-07	6.24E-07	3.83E-07	3.19E-07	4.82E-07
AT>CC	9.27E-08	3.88E-07	6.24E-07	3.83E-07	3.19E-07	4.82E-07
AT>CG	9.27E-08	3.88E-07	6.24E-07	3.83E-07	3.19E-07	4.82E-07
AT>GA	1.63E-04	6.33E-04	1.21E-03	7.29E-04	6.12E-04	7.56E-04
AT>GC	9.27E-08	3.88E-07	6.24E-07	3.83E-07	3.19E-07	4.82E-07
AT>TA	9.27E-08	3.88E-07	6.24E-07	3.83E-07	3.19E-07	4.82E-07
CC>AA	5.00E-03	1.11E-02	1.29E-02	1.14E-02	3.99E-06	1.30E-02
CC>AG	2.06E-07	6.04E-03	1.65E-03	2.64E-03	1.57E-02	2.51E-03
CC>AT	1.16E-03	1.67E-02	5.62E-03	4.87E-03	7.60E-03	3.60E-03
CC>GA	7.76E-04	7.23E-03	8.86E-03	8.11E-03	6.75E-03	8.59E-03
CC>GG	2.38E-04	1.76E-03	3.15E-03	2.67E-03	3.15E-03	2.48E-03
CC>GT	1.49E-04	1.19E-03	2.16E-03	1.81E-03	1.53E-03	2.43E-03
CC>TA	4.44E-05	4.86E-03	5.61E-03	4.50E-03	4.73E-03	7.54E-03
CC>TG	2.42E-04	1.87E-03	4.56E-03	2.91E-03	2.58E-03	4.54E-03
CC>TT	8.87E-04	7.70E-03	1.14E-02	8.16E-03	7.95E-03	7.73E-03
CG>AT	1.19E-04	7.51E-04	1.89E-03	1.30E-03	1.22E-03	1.66E-03
CG>GC	5.43E-05	6.37E-04	1.23E-03	4.70E-04	9.99E-04	3.31E-04
CG>GT	4.84E-04	1.38E-03	3.06E-03	3.23E-03	6.21E-04	1.87E-03
CG>TA	9.27E-08	3.88E-07	6.24E-07	3.83E-07	3.19E-07	4.82E-07
CG>TC	8.42E-04	4.15E-03	6.19E-03	4.13E-03	2.06E-03	3.03E-03
CG>TT	9.15E-04	6.82E-03	8.10E-04	5.80E-03	5.07E-03	1.44E-02
CT>AA	7.69E-04	4.97E-03	1.54E-02	7.89E-03	7.30E-03	9.43E-03
CT>AC	1.32E-04	7.10E-04	5.76E-04	5.80E-04	4.79E-04	9.63E-04
CT>AG	3.38E-04	1.62E-03	3.69E-03	2.11E-03	2.52E-03	1.92E-03
CT>GA	3.19E-07	7.92E-04	1.03E-03	7.27E-04	4.79E-04	8.51E-04
CT>GC	9.27E-08	3.88E-07	6.24E-07	3.83E-07	3.19E-07	4.82E-07
CT>GG	5.53E-05	3.30E-04	9.88E-04	1.12E-03	3.42E-04	6.05E-04
CT>TA	5.74E-04	2.46E-03	5.35E-03	5.22E-03	3.68E-03	6.16E-03
CT>TC	9.27E-08	3.88E-07	6.24E-07	3.83E-07	3.19E-07	4.82E-07
CT>TG	3.96E-04	5.76E-04	2.22E-03	1.92E-03	1.11E-03	2.35E-03
GC>AA	3.69E-07	9.77E-03	1.74E-02	6.97E-03	5.34E-03	1.00E-02
GC>AG	3.69E-04	1.88E-03	3.28E-03	3.48E-03	2.56E-03	3.36E-03
GC>AT	1.90E-04	1.58E-03	1.67E-03	2.13E-03	1.48E-03	1.27E-03
GC>CA	6.39E-04	3.41E-03	3.83E-03	2.72E-03	1.96E-03	1.87E-03
GC>CG	9.27E-08	3.88E-07	6.24E-07	3.83E-07	3.19E-07	4.82E-07
GC>TA	1.04E-04	7.23E-04	7.02E-04	8.47E-04	8.67E-04	5.96E-04
TA>AT	5.80E-05	4.62E-04	1.31E-03	5.86E-04	4.20E-04	1.08E-03
TA>CG	9.27E-08	3.88E-07	6.24E-07	3.83E-07	3.19E-07	4.82E-07
TA>CT	1.02E-04	5.11E-04	9.87E-04	1.33E-03	3.88E-04	1.06E-03
TA>GC	9.27E-08	3.88E-07	6.24E-07	3.83E-07	3.19E-07	4.82E-07
TA>GG	9.27E-08	3.88E-07	6.24E-07	3.83E-07	3.19E-07	4.82E-07
TA>GT	1.22E-04	1.32E-03	1.34E-03	1.74E-03	8.92E-04	1.17E-03
TC>AA	5.62E-04	4.26E-03	1.09E-02	9.34E-03	6.23E-03	1.17E-02
TC>AG	1.04E-03	1.57E-03	4.07E-03	2.56E-03	1.50E-03	2.88E-03
TC>AT	4.77E-04	1.04E-03	2.63E-03	3.23E-03	1.34E-03	2.16E-03
TC>CA	4.03E-04	1.73E-03	4.20E-03	2.32E-03	1.89E-03	2.24E-03
TC>CG	9.27E-08	3.88E-07	6.24E-07	3.83E-07	3.19E-07	4.82E-07
TC>CT	1.18E-03	2.12E-03	4.48E-03	3.73E-03	2.48E-03	3.05E-03
TC>GA	4.41E-05	6.50E-04	1.03E-03	1.27E-03	6.14E-04	6.00E-04
TC>GG	1.27E-04	8.19E-04	9.11E-04	9.84E-04	5.27E-04	4.82E-04
TC>GT	1.87E-04	7.36E-04	1.16E-03	6.57E-04	7.64E-05	5.08E-04
TG>AA	2.49E-07	2.90E-03	7.81E-03	3.83E-03	3.70E-03	5.36E-03
TG>AC	5.32E-05	8.29E-04	8.69E-04	2.92E-04	7.54E-04	1.38E-03
TG>AT	6.19E-04	7.04E-03	9.56E-03	6.51E-03	6.01E-03	1.22E-02
TG>CA	1.58E-04	2.32E-04	7.09E-04	8.90E-04	5.18E-04	1.16E-03
TG>CC	9.27E-08	3.88E-07	6.24E-07	3.83E-07	3.19E-07	4.82E-07
TG>CT	3.20E-04	5.16E-03	4.04E-03	1.65E-02	7.25E-03	6.19E-03
TG>GA	5.32E-05	1.25E-03	2.41E-03	1.64E-03	1.45E-03	1.51E-03
TG>GC	9.27E-08	3.88E-07	6.24E-07	3.83E-07	3.19E-07	4.82E-07
TG>GT	7.04E-04	3.37E-03	4.55E-03	1.77E-03	2.37E-03	2.79E-03
TT>AA	4.34E-04	2.11E-03	3.30E-03	2.74E-03	2.52E-03	2.76E-03
TT>AC	1.71E-04	1.01E-03	1.39E-03	9.19E-04	1.27E-03	1.66E-03
TT>AG	3.85E-05	5.03E-04	9.16E-04	7.81E-04	5.31E-04	1.98E-04
TT>CA	1.93E-04	9.26E-04	1.04E-03	1.55E-03	3.27E-04	1.54E-03
TT>CC	9.27E-08	3.88E-07	6.24E-07	3.83E-07	3.19E-07	4.82E-07
TT>CG	9.27E-08	3.88E-07	6.24E-07	3.83E-07	3.19E-07	4.82E-07
TT>GA	6.14E-05	7.75E-04	7.33E-04	6.08E-04	6.68E-04	9.06E-04
TT>GC	9.27E-08	3.88E-07	6.24E-07	3.83E-07	3.19E-07	4.82E-07
TT>GG	9.27E-08	3.88E-07	6.24E-07	3.83E-07	3.19E-07	4.82E-07
