MutationType	DBS78A	DBS78B	DBS78C	DBS78D	DBS78E
AC>CA	1.90E-04	1.49E-03	2.46E-03	1.91E-03	1.23E-03
AC>CG	1.12E-07	3.92E-07	4.46E-07	3.70E-07	3.20E-07
AC>CT	2.60E-04	1.07E-03	1.64E-03	9.67E-04	1.11E-03
AC>GA	1.36E-04	8.77E-04	1.71E-03	1.19E-03	8.52E-04
AC>GG	1.12E-07	3.92E-07	4.46E-07	3.70E-07	3.20E-07
AC>GT	1.12E-07	3.92E-07	4.46E-07	3.70E-07	3.20E-07
AC>TA	4.99E-05	1.33E-03	1.83E-03	1.21E-03	1.21E-03
AC>TG	1.12E-07	3.92E-07	4.46E-07	3.70E-07	3.20E-07
AC>TT	8.59E-05	1.12E-03	1.25E-03	1.10E-03	5.30E-04
AT>CA	1.12E-07	3.92E-07	4.46E-07	3.70E-07	3.20E-07
AT>CC	1.12E-07	3.92E-07	4.46E-07	3.70E-07	3.20E-07
AT>CG	1.12E-07	3.92E-07	4.46E-07	3.70E-07	3.20E-07
AT>GA	1.06E-04	6.08E-04	8.45E-04	4.17E-04	6.65E-04
AT>GC	1.12E-07	3.92E-07	4.46E-07	3.70E-07	3.20E-07
AT>TA	1.12E-07	3.92E-07	4.46E-07	3.70E-07	3.20E-07
CC>AA	4.44E-03	1.12E-02	1.19E-02	1.23E-02	2.67E-03
CC>AG	7.47E-04	3.37E-03	3.25E-03	1.01E-03	1.19E-02
CC>AT	2.39E-03	1.66E-02	3.34E-03	4.16E-03	1.15E-02
CC>GA	6.80E-04	5.83E-03	8.06E-03	6.54E-03	5.65E-03
CC>GG	4.24E-04	1.91E-03	2.40E-03	2.23E-03	2.24E-03
CC>GT	1.85E-04	1.19E-03	2.34E-03	1.46E-03	1.33E-03
CC>TA	2.07E-04	3.80E-03	4.72E-03	4.25E-03	3.83E-03
CC>TG	3.77E-04	1.30E-03	3.67E-03	1.84E-03	2.75E-03
CC>TT	8.33E-04	6.83E-03	9.27E-03	8.75E-03	7.69E-03
CG>AT	1.45E-04	1.11E-03	1.34E-03	9.48E-04	1.10E-03
CG>GC	1.29E-04	6.22E-04	6.83E-04	3.55E-04	8.04E-04
CG>GT	3.74E-04	1.47E-03	2.04E-03	2.04E-03	1.14E-03
CG>TA	1.12E-07	3.92E-07	4.46E-07	3.70E-07	3.20E-07
CG>TC	8.30E-04	3.88E-03	4.16E-03	3.09E-03	2.40E-03
CG>TT	1.28E-03	8.06E-03	1.26E-02	9.41E-03	6.65E-03
CT>AA	9.22E-04	5.13E-03	1.30E-02	6.25E-03	7.17E-03
CT>AC	1.23E-04	5.17E-04	9.18E-04	7.00E-04	2.90E-04
CT>AG	4.80E-04	1.88E-03	2.47E-03	2.21E-03	1.72E-03
CT>GA	5.74E-05	5.65E-04	9.69E-04	6.10E-04	6.29E-04
CT>GC	1.12E-07	3.92E-07	4.46E-07	3.70E-07	3.20E-07
CT>GG	5.62E-05	3.63E-04	1.10E-03	8.51E-04	3.71E-04
CT>TA	3.63E-04	3.16E-03	5.88E-03	4.77E-03	2.64E-03
CT>TC	1.12E-07	3.92E-07	4.46E-07	3.70E-07	3.20E-07
CT>TG	1.60E-04	1.01E-03	1.82E-03	1.91E-03	9.33E-04
GC>AA	7.23E-04	1.12E-02	1.18E-02	8.87E-03	7.87E-03
GC>AG	3.17E-04	1.79E-03	2.91E-03	2.89E-03	2.13E-03
GC>AT	1.94E-04	1.65E-03	1.17E-03	1.33E-03	1.49E-03
GC>CA	6.58E-04	2.96E-03	2.33E-03	2.79E-03	1.27E-03
GC>CG	1.12E-07	3.92E-07	4.46E-07	3.70E-07	3.20E-07
GC>TA	1.35E-04	7.43E-04	6.80E-04	4.91E-04	7.14E-04
TA>AT	6.63E-05	4.16E-04	9.05E-04	9.58E-04	5.62E-04
TA>CG	1.12E-07	3.92E-07	4.46E-07	3.70E-07	3.20E-07
TA>CT	7.26E-05	8.84E-04	7.39E-04	9.43E-04	4.60E-04
TA>GC	1.12E-07	3.92E-07	4.46E-07	3.70E-07	3.20E-07
TA>GG	1.12E-07	3.92E-07	4.46E-07	3.70E-07	3.20E-07
TA>GT	6.18E-05	9.06E-04	1.56E-03	1.08E-03	6.98E-04
TC>AA	8.76E-04	6.43E-03	7.70E-03	9.71E-03	6.47E-03
TC>AG	3.65E-04	1.59E-03	2.38E-03	1.82E-03	1.66E-03
TC>AT	3.48E-04	1.48E-03	2.05E-03	2.26E-03	1.82E-03
TC>CA	2.73E-04	1.89E-03	2.66E-03	1.59E-03	1.85E-03
TC>CG	1.12E-07	3.92E-07	4.46E-07	3.70E-07	3.20E-07
TC>CT	4.58E-04	2.38E-03	3.20E-03	2.92E-03	2.57E-03
TC>GA	5.88E-05	6.78E-04	1.12E-03	8.00E-04	4.77E-04
TC>GG	5.14E-05	5.88E-04	1.02E-03	6.50E-04	5.28E-04
TC>GT	2.02E-04	6.03E-04	4.08E-04	5.70E-04	1.59E-04
TG>AA	2.71E-04	2.73E-03	5.19E-03	4.13E-03	3.93E-03
TG>AC	7.37E-05	4.02E-04	1.10E-03	7.45E-04	6.42E-04
TG>AT	9.25E-04	7.32E-03	1.14E-02	7.13E-03	4.31E-03
TG>CA	8.16E-05	3.95E-04	1.02E-03	7.07E-04	5.09E-04
TG>CC	1.12E-07	3.92E-07	4.46E-07	3.70E-07	3.20E-07
TG>CT	8.04E-04	6.41E-03	4.27E-03	1.57E-02	9.66E-03
TG>GA	1.81E-04	9.08E-04	1.71E-03	1.26E-03	1.43E-03
TG>GC	1.12E-07	3.92E-07	4.46E-07	3.70E-07	3.20E-07
TG>GT	7.15E-04	2.53E-03	3.30E-03	1.95E-03	2.31E-03
TT>AA	4.52E-04	1.99E-03	2.19E-03	2.41E-03	1.99E-03
TT>AC	1.46E-04	9.69E-04	1.03E-03	1.27E-03	1.05E-03
TT>AG	1.20E-04	4.76E-04	7.18E-04	2.12E-04	5.48E-04
TT>CA	2.18E-04	9.11E-04	6.28E-04	9.57E-04	7.11E-04
TT>CC	1.12E-07	3.92E-07	4.46E-07	3.70E-07	3.20E-07
TT>CG	1.12E-07	3.92E-07	4.46E-07	3.70E-07	3.20E-07
TT>GA	7.58E-05	4.46E-04	9.38E-04	8.24E-04	5.48E-04
TT>GC	1.12E-07	3.92E-07	4.46E-07	3.70E-07	3.20E-07
TT>GG	1.12E-07	3.92E-07	4.46E-07	3.70E-07	3.20E-07
