MutationType	SBS96A	SBS96B	SBS96C	SBS96D	SBS96E	SBS96F	SBS96G	SBS96H	SBS96I
A[C>A]A	0.02755988755845465	0.031426571279298515	0.032911012342665344	0.015189345368853538	0.012762220265874475	0.0192960399025128	0.01144036269368371	0.02456380716059357	0.020967209175061043
A[C>A]C	0.016918981082208687	0.03599435091949999	0.028365570927950664	0.024753689647916417	0.035872045689757215	0.02759806298650801	0.017236508405767383	0.025292679950362072	0.013262955588785274
A[C>A]G	0.01831169182085432	0.021210571693954988	0.02275917707243934	0.015535365491357424	0.0180712051759474	0.004863238738616929	0.005065081462962553	0.015478335882071405	0.011932054393399482
A[C>A]T	0.023521493887528777	0.02553267953218892	0.02858846005052328	0.008481873996198033	0.020452811184445637	0.009853068931863617	0.008633357028011233	0.012160792396171018	0.00646547928183935
A[C>G]A	0.0055419788789004085	0.002796379289959816	0.005274474813112562	0.010188342350446078	0.004053501284625298	0.005045275167703949	0.0019945669546723365	0.007094942230941115	0.010094577623914915
A[C>G]C	0.005024105595599622	0.004259033588275756	0.00341699908708607	0.0010342597145725563	0.0034816889966629103	7.552284173378609e-05	0.0	0.006281018782334513	0.0018701056024590201
A[C>G]G	0.0036993519285692857	0.0022286638544827043	0.0035857688878132878	0.00265948581724313	0.003796547548639033	0.0014504285799284667	0.004431874115252868	0.004152159704730054	0.0024060740863221497
A[C>G]T	0.005103572876585076	0.0030083476332678615	0.005091097604558143	0.006246995922802077	0.0051955458173110715	0.004260783233117138	0.0	0.004344209540417694	0.005574447494088446
A[C>T]A	0.00590074215245167	0.008462402802717886	0.011160698438761756	0.009029460419820055	0.005909995435275892	0.004210484619976001	0.008981633137445898	0.006201756481637304	0.019372747870632166
A[C>T]C	0.005269231127551848	0.0045335310421069155	0.008828644053189692	0.010844449095772006	0.006539384564188993	0.007738512641517445	0.0032116758663323706	0.017745088026810834	0.01093791962663545
A[C>T]G	0.007888750133492693	0.002437358241554044	0.0028378849974465313	0.012530757045299197	0.004003585155194003	0.012999495123513043	0.004113483135588467	0.0161194787361093	0.039069517335206
A[C>T]T	0.0037119473334905704	0.0020494516721316102	0.0030773101368792057	0.006207578500655444	0.004679453599872982	0.005027968892723322	0.0030452750681433825	0.005023505974834422	0.010125904631838979
A[T>A]A	0.00437896026822429	0.006257031705620761	0.004302166366859623	0.002581763212252284	0.0023017999116540723	0.0053500923550988235	0.004355991279589943	0.00386967037425741	0.0007989953830714569
A[T>A]C	0.005288783493873552	0.0017455896913167379	0.0023338262308107006	0.005154619784738372	0.0035998298356032877	0.0009795058373507004	0.0010298159181547817	0.009040075193572078	0.013089494399996794
A[T>A]G	0.006454274030181751	0.005325330671621486	0.008298476736856913	0.010880859310954066	0.008198897756189965	0.0075184819358401	0.005086656992789358	0.005231444957963731	0.01229496158996966
A[T>A]T	0.0035389376670559615	0.0038100143651555386	0.002483535084517421	0.0027523449532223764	0.003274715393421275	0.003303673950337611	0.003991550955106504	0.0036470018052259952	0.0018156718626311096
A[T>C]A	0.005751770652311734	0.0037230494179618743	0.00592437453306772	0.009091950292514923	0.010409049486368076	0.00676831189284961	0.005379283087095245	0.010449318500709523	0.00858115870794471
A[T>C]C	0.00280294150715406	0.0003858779188901451	0.0026215210643815113	0.005180030930875219	0.0024311090878225985	0.00014429192814031212	0.0010359569429419936	0.0054113732582624155	0.006186090606359968
A[T>C]G	0.002831360683146826	0.005415715859247144	0.0073723752922524	0.0047369404438147985	0.009379740019854381	0.0069201356290588475	0.008666646960191428	0.006824313078466275	0.02081359080303173
A[T>C]T	0.002817320970085575	0.0013977779540790892	0.00537786822152928	0.008752029075760283	0.005157352625409573	0.004551394461480811	0.004931407232070342	0.0035716886780489433	0.011808064840413267
A[T>G]A	0.0006306560536258487	0.0008185852161440721	0.0008958117154196543	0.0005232871794661876	0.00040266516152120957	1.1154056604567586e-07	0.0010157454505768015	0.00040991318031952773	0.00013107878045282462
A[T>G]C	0.00024249886218547623	6.726974670421271e-05	0.00024757224368286755	0.0009947204644911523	0.0008462316841928441	0.0013291602690816973	0.005695502065354958	0.0017451980940419354	0.001203999579424
A[T>G]G	0.0012757116805561708	0.0019433181676622269	0.0044948591862987546	0.0024631971931847476	0.0024721553989292743	0.0026043441107962907	0.0009792401368031278	0.003856996162134383	0.0036206084621675672
A[T>G]T	0.0012342049565174928	2.806598613592115e-05	0.0007553220159104157	0.0004938951163135385	4.941513849249013e-05	0.0012588933729931996	0.015702483034692703	0.00055663174007897	0.0013082391182391007
C[C>A]A	0.0729796926304698	0.04767918491736054	0.06143588503822684	0.035144356992095706	0.052239062814041975	0.03615317152813077	0.02199618938844651	0.062303978633135554	0.022009671160235486
C[C>A]C	0.07900006759911776	0.06849174975417555	0.0577152680978179	0.04067831413024578	0.054546085707843306	0.03392158577218652	0.02715984907001257	0.06111527726985514	0.014960803391550143
C[C>A]G	0.021540135410614312	0.02503587167011574	0.018589466057583194	0.0472535539441742	0.032721242738189174	0.021967761293053625	0.011028032009489834	0.020657659387215973	0.023518523182429193
C[C>A]T	0.05173308985773474	0.0870951234549284	0.03236794785460461	0.022357837371264396	0.054688899184443474	0.026234941789880395	0.010933947676385287	0.03678632085927802	0.010956258194309215
C[C>G]A	0.007711212442931697	0.0031694984749992727	0.007300095284244889	0.015738751378606253	0.004859378930669607	0.006973517239321154	0.004433624052908271	0.011247180924750069	0.019379943540124032
C[C>G]C	0.004516201023247319	0.0138971954328008	0.006506380750797689	0.008587756588503623	0.01224350903813331	0.006992292946160887	0.002010522508935537	0.0024068653969445465	0.005113656285325163
C[C>G]G	0.005158636751948223	0.004336066061476202	0.0037263778662929782	0.005131567486409025	0.0036938253249904564	0.0035772466610163177	0.004587587283458561	0.0032107231892390333	0.0032865187304132347
C[C>G]T	0.004821013280021305	0.0064128466530769404	0.00998998697349407	0.004222591948414731	0.006412652960034109	0.007270386852180195	0.0009327962414681679	0.006879509601206024	0.003080196136280726
C[C>T]A	0.025351161794969813	0.015012986082583666	0.020269913794472814	0.013686276907428692	0.014809373322641477	0.02212415785295889	0.015883189723826945	0.024905992143321783	0.03384011849295348
C[C>T]C	0.012519261524430477	0.007739184679230675	0.019897020519711078	0.008773372798516447	0.01081239827661193	0.01770994937280193	0.007527954641263932	0.0308651151332333	0.018879875475766143
C[C>T]G	0.01603517331808689	0.003665464315288176	0.0059422621993871876	0.010854178056995352	0.012072724103418295	0.01866130382171832	0.0043174333544448015	0.020213690821132103	0.033321583070992346
C[C>T]T	0.011649429455865175	0.015545747936703264	0.012899076043486274	0.02016703504112229	0.013893825346092683	0.01231741851894185	0.019075473556295037	0.011384606276842534	0.014882146745884678
C[T>A]A	0.005042999269691108	0.006465470241673757	0.005688400850287394	0.007177827243434365	0.0046262658404076975	0.009189536451594904	0.002892316257348284	0.004633448175188741	0.007832527633651694
C[T>A]C	0.0049217045944487834	0.009123310145369032	0.005907066761539745	0.010282798097430544	0.0101823130233727	0.010088205898500745	0.010677994589786976	0.013043522621458976	0.010258196620730615
C[T>A]G	0.02287350115409936	0.033026568265631794	0.020652694473974408	0.02240982596606784	0.038562047242776315	0.016835498864347754	0.01955106790177524	0.02649186414666474	0.014640741227203762
C[T>A]T	0.008569570417459432	0.006716722253061391	0.015260717867640779	0.0065220147872614275	0.0027577203434642427	0.005747802299447357	0.0182160775270313	0.005375653824068003	0.008910360082038835
C[T>C]A	0.002328360982348627	0.003812021308403928	0.0038163173013450093	0.004521358761760865	0.007808508987936591	0.005200958145895669	0.007416062403935939	0.005246136642845158	0.0056908042335861355
C[T>C]C	0.0044255688490342495	0.0027990985786544398	0.004132207771470462	0.005180306781849637	0.0047899007361817784	0.007390094442063555	0.02544224612414837	0.0012563632175809757	0.0031026149281610316
C[T>C]G	0.005411046421238552	0.009739453002111986	0.011297023135703056	0.009815553335887444	0.0051060215254506505	0.012826947944704443	0.01328920231666416	0.007832440946003771	0.012133723998890532
C[T>C]T	0.001699885294856358	0.0022479084695059015	0.008491590134587597	0.006726856907562819	0.002454314390834007	0.0002410081230091521	0.033086612094193696	0.002386251737077485	0.010309451758394062
C[T>G]A	0.0004977977328152506	0.001510879303473498	0.0011803811935930497	0.0009896412358847328	0.001080018372459577	6.202834658566303e-06	4.4575269697588736e-10	0.00019633618279929266	0.0005879817286283639
C[T>G]C	0.0004446301434233035	0.00016147514139333908	0.0023696535486431003	0.0011656036138879954	0.00011325347572967104	0.001600148477329011	0.01147387471050024	0.0003100515530663417	0.005303756511613784
C[T>G]G	0.00358838386133444	0.004232658163482483	0.0029172252738933935	0.009132864623731649	0.008305907635431566	1.6359140673216644e-08	0.005434086198220029	0.0061174579363076735	0.004925042212238395
C[T>G]T	0.0003792242828230741	0.00021403011204256472	0.0021835069181211962	0.0012996949884336217	0.00023692830925045705	0.002913162728325034	0.07095329355448485	0.0002725891675785519	0.0024709914143048197
G[C>A]A	0.026213148672527494	0.03464882726548239	0.035138755057971593	0.01775020850459576	0.02604675596114248	0.017858347182482248	0.013170744196977467	0.02697804756449841	0.011048504746451044
G[C>A]C	0.036184883532114326	0.043939983993768694	0.030841972294174413	0.03264921781069006	0.03863447235997228	0.013018215538468212	0.024813779816031455	0.02618241493590176	0.02953609918237362
G[C>A]G	0.02182727005952529	0.019100709236226976	0.013489479561540065	0.028344118778629194	0.014518514297669753	0.024136377023532985	0.01109982852358371	0.033425143472850326	0.021611136808784296
G[C>A]T	0.019952822136692704	0.026665267823264	0.02589307808317244	0.027041434389539064	0.034987174598500134	0.009090090103563852	0.014430294809862972	0.013243715592210492	0.0097311692844373
G[C>G]A	0.003851933234942635	0.008564996221703609	0.0024777319719896697	0.004706375397220276	0.0066013605466609705	0.006139065498133505	0.004128963850671425	0.006116672526356694	0.005083558973938445
G[C>G]C	0.00611083633799268	0.011961233617987545	0.006030468638443409	0.006470171947245191	0.0106536309646674	0.0019584317714617327	0.003119838462152984	0.0057877088001563595	0.006303976076088844
G[C>G]G	0.0026462319300391	0.006334244073356388	0.005634560807020108	0.003134009655530425	0.01245008212559739	0.001160123597655911	0.0033958322062972003	0.009162433949264468	0.0054179190937645675
G[C>G]T	0.004155574216588889	0.005044761499446793	0.012270490896672186	0.005257863262090296	0.0024957392182490424	0.006315674062960213	0.004969942641910165	0.0030317196207207075	0.005190652713472446
G[C>T]A	0.005968750965265433	0.006383762300418425	0.007207376220903825	0.013934550785594411	0.00950036095606265	0.02299051881302148	0.00555916688288562	0.008780792652382843	0.014028920112904242
G[C>T]C	0.008745997990304203	0.010651263985637342	0.004730070400555064	0.008932356865450401	0.013452301686259034	0.016211725790053606	0.007766584784258157	0.007742014926279524	0.005158371577381331
G[C>T]G	0.007410718041255677	0.007013554464114287	0.008005947104707875	0.02670006747357547	0.012818754674018606	0.027126486888155343	0.0031944663192098235	0.01906964439787089	0.025466917687948013
G[C>T]T	0.010182652895455249	0.007266680985163134	0.0057383444733522995	0.013995859960220968	0.007220325071510274	0.014885827833786607	0.0019679051131515734	0.009076954186166403	0.021015551530290395
G[T>A]A	0.0036242457944892694	0.0060459372203050775	0.009169777694110053	0.009558417701645965	0.007090602615436978	0.00015041666602707337	0.008428149919491262	0.004406477759256972	0.006666302093228183
G[T>A]C	0.005031123469525483	0.0012551429938665848	0.002489010849483648	0.0045039744640965294	0.009309607976227027	0.0028958228549979736	0.003062861725338735	0.005710096283851591	0.0046241841581033324
G[T>A]G	0.008459888658278488	0.006518898224965213	0.013179419781663456	0.014809313631103578	0.007758884694101482	0.004107351660441055	0.00410056289518252	0.004880968778030912	0.014314434257921676
G[T>A]T	0.006145885847186037	0.004456598469029842	0.005119595621443977	0.0024200597714389717	0.0011074684323293838	8.128751615200435e-05	0.003541806744178757	0.003574511845453099	0.0014136174117978229
G[T>C]A	0.005745220851491126	0.0038502973916987315	0.004159343759420153	0.005591848835144901	0.005151744030041101	0.004460884043946862	0.005737067318987102	0.008402478670133249	0.014885865812218527
G[T>C]C	0.00238098084499768	0.0018803284369288775	0.005156274764753022	0.0030909443574944715	0.001386309883537038	0.00043234421095714735	0.0034525281121023	0.004378984867278053	0.012141419309359094
G[T>C]G	0.006274737988940729	0.003079401707584282	0.004444432153312974	0.008368457172437047	0.005637933781554452	0.004150878069576107	0.004598322761012241	0.0036990798442490913	0.010190182638493327
G[T>C]T	0.0024344957505265086	0.0026349484329609395	0.0015742603459842463	0.007014679790762175	0.002597062333345015	0.0016719566086607252	0.004373811667319387	0.002263154688729454	0.005101085133912307
G[T>G]A	0.001839542174053861	0.0007187691218175729	0.0004591567107335237	0.0009628877685534931	0.00048654665108585957	8.549645453213018e-05	1.7756239856225874e-09	0.0021930433216854795	0.001102155578539339
G[T>G]C	0.0006216024001785669	0.0013166800746551744	0.00017932548367772584	0.002187293622224767	0.0022841445257405723	0.00019362354322375097	0.002202237548190169	0.0006135203187402504	0.0007695935685696753
G[T>G]G	0.0005159625083760488	0.004196711738303875	0.0002022826336821737	0.0025998614984018785	0.0035111627673914824	0.0027805680336062365	0.0022838375385617836	0.0003964566466220987	0.0014219634048288343
G[T>G]T	0.00047256604911762425	0.001867539763948427	0.0003895270034959708	0.0010190781354340573	0.0025777319267779575	1.7306655060718156e-05	0.01630210521630943	0.0017503723884524725	0.002208542571796386
T[C>A]A	0.04332378809024021	0.04023498351452872	0.033001604257151484	0.011450561081331845	0.02760857739137009	0.019038838981441587	0.019657059349119665	0.021010492657396754	0.01435445942446421
T[C>A]C	0.056433954816311596	0.05307314982637763	0.05496747616678476	0.03156978321716906	0.036262794453650715	0.026506836314219982	0.021617846763692796	0.051914609372615814	0.034874604404266166
T[C>A]G	0.004901621960393641	0.012853214318456594	0.010907050790602852	0.008692204880295122	0.016478799902833997	0.01063605867254296	0.0020604842113971246	0.006356423366018617	0.007369238144126839
T[C>A]T	0.03322394345556859	0.039966117423027754	0.025295938604976982	0.03457681325164458	0.032641992862336336	0.02799322010949254	0.01349591817939654	0.02781201363308355	0.017185649800742345
T[C>G]A	0.014430697764981716	0.005922067270342097	0.005356382010356526	0.006651131531592042	0.002438968231418528	0.05161671007052064	0.004694465876673349	0.00896983406643983	0.0044160090426240825
T[C>G]C	0.010915213520236193	0.005001750130614091	0.011929584748577327	0.01086170609746972	0.009769302709063368	0.017886779527179895	0.004095318695763126	0.0083792731957692	0.008646930561613288
T[C>G]G	0.005864254354335188	0.0007429472706256313	0.0022291288899166516	0.0024523705949982856	0.0054594004856615185	7.780601183448255e-05	0.0	0.0030604085769988386	0.005237725139451897
T[C>G]T	0.010333706490055192	0.009355403234063288	0.020815471652167617	0.013630260901730903	0.010509865075136418	0.045707827121950685	0.004398517045774497	0.008598693058127082	0.017393421275752417
T[C>T]A	0.02495744985237252	0.007382419070054312	0.015574589434836526	0.026929164735205405	0.01707049501997744	0.0735180763155222	0.08394372247159482	0.01734109272772912	0.018436819100243154
T[C>T]C	0.01507698359175265	0.006736629320075735	0.015726386235910467	0.02178233045968227	0.014252047928748653	0.031035930309444668	0.03559846766293049	0.0186737616523169	0.023011621338191617
T[C>T]G	0.005256378481837487	0.005027187496016268	0.008611431125318798	0.018038173678210114	0.011313486755447286	0.018015854316181502	0.0082986076164525	0.008587250892571419	0.030949433251273605
T[C>T]T	0.01215073270582252	0.013348503637826071	0.014856603848747908	0.026464623669884304	0.014423447538720211	0.04792767791077494	0.0605346342548728	0.006592364345157122	0.013352228580351379
T[T>A]A	0.002382612074645252	0.001115450377191749	0.004869526207989523	0.002906926770410365	0.002452282767030596	0.00150171687579026	0.003086786536150612	0.004791836591925218	0.00684101328997599
T[T>A]C	0.004897938940943618	0.0029936358100090387	0.0023399864307430108	0.005051190388151099	0.004486508659287125	0.006171132258105292	0.006530987898586318	0.0038560427289839085	0.002218585107138509
T[T>A]G	0.0052471879830002875	0.00371682912317965	0.010815314141393039	0.008370183491281295	0.0044168152062216935	0.0020014210246014842	0.006280169214587659	0.009641040008249923	0.009870053794487603
T[T>A]T	0.0035142827195211624	0.0032557816686654916	0.0014076715200092593	0.0014414566139325036	0.0055781995094568515	0.00012726225309130256	0.006833509585121646	0.005386704986950761	0.0034299120223045066
T[T>C]A	0.0033621430744955206	0.0019519715759088285	0.0036939162566208415	0.0051791888143471	0.004864048445670335	0.00012530453164810495	0.00506789589067921	0.003128498508874262	0.005453984963491685
T[T>C]C	0.0024005579872148175	0.0006850897069096007	0.0025740473142908727	0.007965545964940474	0.0009839462432868552	0.0007480726903329371	0.007966731814667583	0.0013314086308638196	0.006300251465552477
T[T>C]G	0.0005416917476095051	0.00623856677778349	0.0017923798484443143	0.0022183424892567418	0.0040271477799521446	0.004500878585048867	0.007195571674965322	0.0029666277486094118	0.0012700001957723828
T[T>C]T	0.0023826115073021016	0.0003190397432191361	0.005364342842552503	0.0025377775784656362	0.001340334483422083	0.00010404373164703885	0.004659253474092111	0.0018936075111059124	0.006740685137092015
T[T>G]A	5.184848652724838e-05	5.823386808643249e-06	7.95902221447875e-05	0.0015080497607339537	6.237367371781489e-05	0.002145035622315845	0.0034444444032851605	5.701405743078425e-05	0.00022837136923399724
T[T>G]C	0.0014369337464743381	0.00037697764911555966	0.0010188320368744997	0.0011209410716050171	0.0010648893953561255	8.183201897322689e-05	0.006602199908811599	0.0011587514131311848	0.0003933808346137724
T[T>G]G	0.001006089746226415	0.0010753713759029538	0.001011891673183456	0.0027394028375422154	0.0012955117391751968	0.0002618354051969085	0.005282932040281594	0.0017039631944638246	0.003452925837812728
T[T>G]T	0.000213397912503126	0.00023706952196398846	0.0002388991312790978	0.0006916434284303286	0.0005629652632498505	0.0012604352193143597	0.04861032554879784	0.0017114321349967555	0.0010141470455624101
