MutationType	ID83A	ID83B	ID83C	ID83D	ID83E	ID83F	ID83G	ID83H
1:Del:C:0	6.902739847021167e-06	7.413920435510591e-06	5.156326868132055e-06	9.455700621856523e-06	1.3105304640248506e-05	4.8504167909868555e-06	8.414401531524617e-06	1.0478947405090367e-05
1:Del:C:1	0.20545496131969712	0.492494285851717	0.22302364037788722	0.15222100586284795	0.009834077169393822	0.09896881901293454	0.20521076347197323	0.08835744232144294
1:Del:C:2	0.4457680121064186	0.010258069433398305	0.0813163943951804	0.02496152849864266	0.004066611781291729	0.09813221038053259	0.012924162799094021	0.047405988998647806
1:Del:C:3	0.012334278447462453	0.06624637575127315	0.04354439221495426	0.23765760095898714	0.007766054541658036	0.029654059440726473	0.04128748863295101	0.04924419871308714
1:Del:C:4	0.00632927590589162	0.05423446676907702	0.0359009393533613	0.022827830413925766	0.0015531844312135946	0.02260111147102707	0.02646284614793995	0.027844927980934246
1:Del:C:5	0.0038055576938472767	0.01038729639516753	0.006347137367197036	0.01670826918116375	0.042279021527086715	0.008398068727678377	0.04614364192420453	0.030167123000401263
1:Del:T:0	6.902739847021167e-06	7.413920435510591e-06	5.156326868132055e-06	9.455700621856523e-06	1.3105304640248506e-05	4.8504167909868555e-06	8.414401531524617e-06	1.0478947405090367e-05
1:Del:T:1	0.07211837800846808	0.030760437570238254	0.04488372398346623	0.05972575683947643	0.01340372645600894	0.12308313308880316	0.022271101730989357	0.11344194220987902
1:Del:T:2	0.004547456294488583	0.003082884517183548	0.04720736772419059	0.013397718488387236	0.05195480234898639	0.0012949180740766653	0.007106237373501258	0.023612310614327753
1:Del:T:3	0.0003143163531118297	0.003652342985280086	0.0033562350947678966	0.008819228774596581	0.0038993686244543826	0.0005073459609252495	0.008653719087070612	0.0009294119056164618
1:Del:T:4	6.902739847021167e-06	7.413920435510591e-06	5.156326868132055e-06	9.455700621856523e-06	1.3105304640248506e-05	4.8504167909868555e-06	8.414401531524617e-06	1.0478947405090367e-05
1:Del:T:5	0.0026314293792999875	0.004351807435631372	0.01270072960692346	0.004352191088507027	0.013976800782556894	0.005158909169727082	0.003531693769855053	0.008859466809610125
1:Ins:C:0	0.005304342345012856	0.004458171084285709	0.014266061854588657	0.008331568865554289	0.001722289406563391	0.0014533949846446603	0.0006781527002573285	0.011399043522331453
1:Ins:C:1	0.003730198044337385	0.002508446108943474	0.010380910248279883	0.007114110330637118	0.002511169618258009	0.028094363566597166	0.0024002588777358486	0.009918695858374064
1:Ins:C:2	0.001012750157969755	0.0008699889540079653	0.0024118914788114764	0.003880374929441359	0.016010367012092103	0.003577534410113685	0.009568617890795963	0.004907833696829016
1:Ins:C:3	0.0006100328445085168	0.009540964560540316	0.009546130050356752	0.008080628245996238	0.02290990535213666	0.00456263724272327	0.008935782813764686	0.006105801819594525
1:Ins:C:4	0.0028650772807733917	0.010030052185499034	0.018352945547271276	0.020799291385376933	0.0009974138479833528	0.0007073133770455906	0.004572234555528781	0.0197198382694134
1:Ins:C:5	0.01540843024381644	0.002110320312575027	0.001910087669690057	7.879589019665901e-06	0.0008976645423922491	0.0010178187958869956	0.00021292272836546998	0.00015404815044917086
1:Ins:T:0	0.00203228426977347	0.04200301149071919	0.029332297631783754	0.021921665785588403	0.010065050820094257	0.02892626427393111	0.059105743648468094	0.013647887602305673
1:Ins:T:1	0.02555039029572008	0.021580540649507512	0.02605589614732712	0.0357028504832619	0.007514822868694182	0.03391720404929005	0.013356992899907567	0.19044322691876914
1:Ins:T:2	0.04318430345814023	0.022088683061948017	0.060632162263712874	0.027503654617436268	0.03524166488448145	0.0028995463023964523	0.03913347645373932	0.020342143047045055
1:Ins:T:3	0.0011357121000969527	0.0018228908896328732	0.017571042722512118	0.0057407803150533706	0.0009436499999458193	0.0005447565662920935	0.0023186354108815977	0.0034707484559100975
1:Ins:T:4	0.0016845966616074292	0.00251278267380485	0.016272251996753084	0.006461129042444895	0.0009434169525877678	0.00013888723046562746	0.0015963803327807113	0.004581813237186907
1:Ins:T:5	0.020794103347394354	0.01489132214055985	0.02484659477445348	0.02666069362996865	0.02132760058499372	0.0014520671342810967	0.032659925770124686	0.014931316598143098
2:Del:R:0	0.0033767605085508025	0.00036826164639613924	0.0031941047368445556	0.006112381454920382	0.005339391775203808	0.15091152600310123	0.0010858585430662516	0.0008554950378089642
2:Del:R:1	0.00017449446465846562	6.140548761095488e-06	4.12385226610471e-06	0.0010867713315991523	1.0806567736381112e-05	0.034771007028896295	0.0001982786676961723	8.509048914788763e-06
2:Del:R:2	6.902739847021167e-06	7.413920435510591e-06	5.156326868132055e-06	9.455700621856523e-06	1.3105304640248506e-05	4.8504167909868555e-06	8.414401531524617e-06	1.0478947405090367e-05
2:Del:R:3	6.902739847021167e-06	7.413920435510591e-06	5.156326868132055e-06	9.455700621856523e-06	1.3105304640248506e-05	4.8504167909868555e-06	8.414401531524617e-06	1.0478947405090367e-05
2:Del:R:4	6.902739847021167e-06	7.413920435510591e-06	5.156326868132055e-06	9.455700621856523e-06	1.3105304640248506e-05	4.8504167909868555e-06	8.414401531524617e-06	1.0478947405090367e-05
2:Del:R:5	6.902739847021167e-06	7.413920435510591e-06	5.156326868132055e-06	9.455700621856523e-06	1.3105304640248506e-05	4.8504167909868555e-06	8.414401531524617e-06	1.0478947405090367e-05
3:Del:R:0	0.00030081541234267206	5.845038231200306e-06	3.873227340847085e-06	0.0007028449857592988	0.0007279785970183639	0.055733755596691026	0.0003881760967833259	7.792018555647928e-06
3:Del:R:1	0.00038974898370355506	0.0017102024025532493	0.001639749783951041	0.0037385174815551636	0.01835963877359518	0.004277830611846414	0.0019246538785813528	0.007062083161793567
3:Del:R:2	6.902739847021167e-06	7.413920435510591e-06	5.156326868132055e-06	9.455700621856523e-06	1.3105304640248506e-05	4.8504167909868555e-06	8.414401531524617e-06	1.0478947405090367e-05
3:Del:R:3	6.902739847021167e-06	7.413920435510591e-06	5.156326868132055e-06	9.455700621856523e-06	1.3105304640248506e-05	4.8504167909868555e-06	8.414401531524617e-06	1.0478947405090367e-05
3:Del:R:4	6.902739847021167e-06	7.413920435510591e-06	5.156326868132055e-06	9.455700621856523e-06	1.3105304640248506e-05	4.8504167909868555e-06	8.414401531524617e-06	1.0478947405090367e-05
3:Del:R:5	6.902739847021167e-06	7.413920435510591e-06	5.156326868132055e-06	9.455700621856523e-06	1.3105304640248506e-05	4.8504167909868555e-06	8.414401531524617e-06	1.0478947405090367e-05
4:Del:R:0	0.007396576931098693	0.003466680877694088	0.01653925049079539	0.02130510145043989	0.003907509998048155	0.03673229974001117	0.0027998941027033227	0.01520629728759161
4:Del:R:1	6.902739847021167e-06	7.413920435510591e-06	5.156326868132055e-06	9.455700621856523e-06	1.3105304640248506e-05	4.8504167909868555e-06	8.414401531524617e-06	1.0478947405090367e-05
4:Del:R:2	6.902739847021167e-06	7.413920435510591e-06	5.156326868132055e-06	9.455700621856523e-06	1.3105304640248506e-05	4.8504167909868555e-06	8.414401531524617e-06	1.0478947405090367e-05
4:Del:R:3	6.902739847021167e-06	7.413920435510591e-06	5.156326868132055e-06	9.455700621856523e-06	1.3105304640248506e-05	4.8504167909868555e-06	8.414401531524617e-06	1.0478947405090367e-05
4:Del:R:4	6.902739847021167e-06	7.413920435510591e-06	5.156326868132055e-06	9.455700621856523e-06	1.3105304640248506e-05	4.8504167909868555e-06	8.414401531524617e-06	1.0478947405090367e-05
4:Del:R:5	6.902739847021167e-06	7.413920435510591e-06	5.156326868132055e-06	9.455700621856523e-06	1.3105304640248506e-05	4.8504167909868555e-06	8.414401531524617e-06	1.0478947405090367e-05
5:Del:R:0	0.013206043362066709	0.026663191024031797	0.11204995826573892	0.032720668993374884	0.44897703438997266	0.04123406117073275	0.05675800707143204	0.10028672399089332
5:Del:R:1	5.171160031380851e-06	6.567053209209916e-06	4.498625774260745e-06	0.00027737405784741045	0.0003704223001932405	0.025923737886080288	0.00019815481610635288	8.990809142517264e-06
5:Del:R:2	6.902739847021167e-06	7.413920435510591e-06	5.156326868132055e-06	9.455700621856523e-06	1.3105304640248506e-05	4.8504167909868555e-06	8.414401531524617e-06	1.0478947405090367e-05
5:Del:R:3	6.902739847021167e-06	7.413920435510591e-06	5.156326868132055e-06	9.455700621856523e-06	1.3105304640248506e-05	4.8504167909868555e-06	8.414401531524617e-06	1.0478947405090367e-05
5:Del:R:4	6.902739847021167e-06	7.413920435510591e-06	5.156326868132055e-06	9.455700621856523e-06	1.3105304640248506e-05	4.8504167909868555e-06	8.414401531524617e-06	1.0478947405090367e-05
5:Del:R:5	6.902739847021167e-06	7.413920435510591e-06	5.156326868132055e-06	9.455700621856523e-06	1.3105304640248506e-05	4.8504167909868555e-06	8.414401531524617e-06	1.0478947405090367e-05
2:Ins:R:0	0.006740307050361878	0.012970208873572347	0.007830407038849217	0.0037700205698483914	0.012817151683901358	0.0027037079514980176	0.0026623500552443603	0.0035191952290040264
2:Ins:R:1	6.902739847021167e-06	7.413920435510591e-06	5.156326868132055e-06	9.455700621856523e-06	1.3105304640248506e-05	4.8504167909868555e-06	8.414401531524617e-06	1.0478947405090367e-05
2:Ins:R:2	6.902739847021167e-06	7.413920435510591e-06	5.156326868132055e-06	9.455700621856523e-06	1.3105304640248506e-05	4.8504167909868555e-06	8.414401531524617e-06	1.0478947405090367e-05
2:Ins:R:3	6.902739847021167e-06	7.413920435510591e-06	5.156326868132055e-06	9.455700621856523e-06	1.3105304640248506e-05	4.8504167909868555e-06	8.414401531524617e-06	1.0478947405090367e-05
2:Ins:R:4	6.902739847021167e-06	7.413920435510591e-06	5.156326868132055e-06	9.455700621856523e-06	1.3105304640248506e-05	4.8504167909868555e-06	8.414401531524617e-06	1.0478947405090367e-05
2:Ins:R:5	6.902739847021167e-06	7.413920435510591e-06	5.156326868132055e-06	9.455700621856523e-06	1.3105304640248506e-05	4.8504167909868555e-06	8.414401531524617e-06	1.0478947405090367e-05
3:Ins:R:0	0.0024229074856492614	0.004690411174357223	0.009642877546878594	0.012118005577203234	0.0006811301358851018	0.0019265693264020455	0.04231416729713864	0.006236858618475765
3:Ins:R:1	0.002270480284847167	0.012445821060893598	0.008073315650639401	0.007641399274962737	0.015830990851650312	0.003071862736805571	0.016178083642455262	0.012312334244661258
3:Ins:R:2	6.902739847021167e-06	7.413920435510591e-06	5.156326868132055e-06	9.455700621856523e-06	1.3105304640248506e-05	4.8504167909868555e-06	8.414401531524617e-06	1.0478947405090367e-05
3:Ins:R:3	6.902739847021167e-06	7.413920435510591e-06	5.156326868132055e-06	9.455700621856523e-06	1.3105304640248506e-05	4.8504167909868555e-06	8.414401531524617e-06	1.0478947405090367e-05
3:Ins:R:4	6.902739847021167e-06	7.413920435510591e-06	5.156326868132055e-06	9.455700621856523e-06	1.3105304640248506e-05	4.8504167909868555e-06	8.414401531524617e-06	1.0478947405090367e-05
3:Ins:R:5	6.902739847021167e-06	7.413920435510591e-06	5.156326868132055e-06	9.455700621856523e-06	1.3105304640248506e-05	4.8504167909868555e-06	8.414401531524617e-06	1.0478947405090367e-05
4:Ins:R:0	0.0013937860630070986	0.010052533493430238	0.0038059135736547133	0.0010303532994845454	0.0010660318387385815	0.0006928178148984898	0.012762140105448906	0.0012449029976954761
4:Ins:R:1	5.034712704699018e-06	6.162635531268279e-06	4.194952340128566e-06	0.0002396556247629178	1.1150989398629464e-05	0.03131083355428018	0.0001981846488740757	8.855141406129974e-06
4:Ins:R:2	6.902739847021167e-06	7.413920435510591e-06	5.156326868132055e-06	9.455700621856523e-06	1.3105304640248506e-05	4.8504167909868555e-06	8.414401531524617e-06	1.0478947405090367e-05
4:Ins:R:3	6.902739847021167e-06	7.413920435510591e-06	5.156326868132055e-06	9.455700621856523e-06	1.3105304640248506e-05	4.8504167909868555e-06	8.414401531524617e-06	1.0478947405090367e-05
4:Ins:R:4	6.902739847021167e-06	7.413920435510591e-06	5.156326868132055e-06	9.455700621856523e-06	1.3105304640248506e-05	4.8504167909868555e-06	8.414401531524617e-06	1.0478947405090367e-05
4:Ins:R:5	6.902739847021167e-06	7.413920435510591e-06	5.156326868132055e-06	9.455700621856523e-06	1.3105304640248506e-05	4.8504167909868555e-06	8.414401531524617e-06	1.0478947405090367e-05
5:Ins:R:0	0.059879756477862145	0.007096949833523211	0.031059291715687606	0.05528886243178165	0.061789462504775655	0.004185550528733926	0.008752053014505634	0.03288573300041208
5:Ins:R:1	0.0028953798550736564	0.032206728689757824	0.011942637417554232	0.018394011489653507	0.0025321204511757774	0.0004458867098805182	0.012209771016731104	0.039313797022663265
5:Ins:R:2	6.902739847021167e-06	7.413920435510591e-06	5.156326868132055e-06	9.455700621856523e-06	1.3105304640248506e-05	4.8504167909868555e-06	8.414401531524617e-06	1.0478947405090367e-05
5:Ins:R:3	6.902739847021167e-06	7.413920435510591e-06	5.156326868132055e-06	9.455700621856523e-06	1.3105304640248506e-05	4.8504167909868555e-06	8.414401531524617e-06	1.0478947405090367e-05
5:Ins:R:4	6.902739847021167e-06	7.413920435510591e-06	5.156326868132055e-06	9.455700621856523e-06	1.3105304640248506e-05	4.8504167909868555e-06	8.414401531524617e-06	1.0478947405090367e-05
5:Ins:R:5	6.902739847021167e-06	7.413920435510591e-06	5.156326868132055e-06	9.455700621856523e-06	1.3105304640248506e-05	4.8504167909868555e-06	8.414401531524617e-06	1.0478947405090367e-05
2:Del:M:1	0.004703690868719832	0.025482640565305276	0.012173712978993162	0.027441816567891797	0.006028725673216753	0.06364627171827124	0.19891697903890196	0.011221965015423203
3:Del:M:1	0.0023817995488502673	0.0016440102960142155	0.0015807560521419717	0.005472559759714954	0.014355625034514787	0.0027039097865258553	0.006788159875181066	0.004654974534036853
3:Del:M:2	0.0001594813040589237	0.003726661412421777	0.0014173413607247198	0.008118185121827253	0.00353868912199232	0.00023920811299149136	0.01022094779097415	0.001456471661476968
4:Del:M:1	6.902739847021167e-06	7.413920435510591e-06	5.156326868132055e-06	9.455700621856523e-06	1.3105304640248506e-05	4.8504167909868555e-06	8.414401531524617e-06	1.0478947405090367e-05
4:Del:M:2	6.902739847021167e-06	7.413920435510591e-06	5.156326868132055e-06	9.455700621856523e-06	1.3105304640248506e-05	4.8504167909868555e-06	8.414401531524617e-06	1.0478947405090367e-05
4:Del:M:3	4.966907115431241e-06	0.010761178324239609	4.380355518275249e-06	0.005981602228956149	1.1587144945224281e-05	0.00017483897644751778	0.0067909279494244145	0.005373100331661433
5:Del:M:1	0.009793828938687136	0.028643069990666844	0.01451824581750351	0.045192208730893524	0.07116179381489075	0.004429706692412287	0.04282471628193235	0.04697890546535575
5:Del:M:2	0.0015841263406794325	0.005902973471426662	0.008425960234803114	0.0143787604002895	0.0028144480302535156	0.02801366341652283	0.008640847722715535	0.0030215044041352
5:Del:M:3	0.0027807478231684645	0.0012905577167020964	0.01607731611384528	0.012856329147432462	0.058796374097056514	0.011582347169230414	0.01791960032152191	0.017245350576918655
5:Del:M:4	0.001242066112227178	0.0006714835094862792	0.009942913246838998	0.0028786594355057105	0.0005290989425952831	4.118003752182631e-06	0.0010007171841380114	0.00118580910188939
5:Del:M:5	6.902739847021167e-06	7.413920435510591e-06	5.156326868132055e-06	9.455700621856523e-06	1.3105304640248506e-05	4.8504167909868555e-06	8.414401531524617e-06	1.0478947405090367e-05
