MutationType	SBS96A	SBS96B	SBS96C	SBS96D	SBS96E	SBS96F	SBS96G	SBS96H
A[C>A]A	1.06E-03	1.41E-03	1.65E-03	1.68E-04	1.64E-03	1.59E-03	9.91E-04	3.98E-04
A[C>A]C	1.07E-03	1.36E-03	1.42E-03	2.14E-04	1.45E-03	2.00E-03	1.64E-03	8.25E-04
A[C>A]G	7.45E-04	1.14E-03	1.20E-03	2.09E-04	1.04E-03	1.38E-03	1.05E-03	3.55E-04
A[C>A]T	8.45E-04	1.11E-03	1.23E-03	9.44E-05	9.66E-04	1.10E-03	1.10E-03	2.80E-04
A[C>G]A	3.43E-04	6.71E-04	7.07E-04	2.59E-04	1.01E-03	9.52E-04	7.96E-04	1.30E-04
A[C>G]C	2.42E-04	4.50E-04	5.88E-04	2.26E-04	5.55E-04	7.30E-04	7.52E-04	5.26E-04
A[C>G]G	2.45E-04	4.39E-04	5.38E-04	9.66E-05	5.96E-04	5.16E-04	4.04E-04	1.55E-04
A[C>G]T	3.29E-04	6.90E-04	4.84E-04	2.76E-04	8.98E-04	8.43E-04	7.03E-04	3.70E-04
A[C>T]A	5.86E-04	9.73E-04	7.54E-04	2.56E-04	1.16E-03	1.09E-03	1.09E-03	6.74E-04
A[C>T]C	4.25E-04	5.37E-04	8.62E-04	2.16E-04	5.79E-04	8.55E-04	1.20E-03	8.54E-04
A[C>T]G	3.68E-04	4.24E-04	8.24E-04	2.95E-04	5.26E-04	1.27E-03	2.08E-03	1.78E-03
A[C>T]T	3.28E-04	5.67E-04	6.76E-04	1.91E-04	1.10E-03	1.00E-03	1.23E-03	3.36E-04
A[T>A]A	2.56E-04	4.49E-04	5.47E-04	4.49E-05	6.18E-04	6.54E-04	4.65E-04	2.88E-04
A[T>A]C	1.80E-04	3.87E-04	5.27E-04	2.06E-04	6.16E-04	9.94E-04	7.16E-04	6.36E-04
A[T>A]G	4.61E-04	8.03E-04	6.33E-04	9.16E-05	9.54E-04	9.89E-04	9.47E-04	5.17E-04
A[T>A]T	1.76E-04	3.94E-04	4.25E-04	1.60E-04	5.89E-04	6.68E-04	4.16E-04	1.57E-04
A[T>C]A	3.15E-04	8.44E-04	8.92E-04	1.12E-04	9.45E-04	1.26E-03	1.29E-03	6.88E-04
A[T>C]C	1.39E-04	2.12E-04	5.39E-04	6.29E-06	5.10E-04	5.51E-04	7.20E-04	4.88E-04
A[T>C]G	3.68E-04	1.11E-03	8.15E-04	2.88E-04	1.79E-03	1.49E-03	1.26E-03	7.60E-04
A[T>C]T	5.44E-05	4.20E-04	5.66E-04	2.83E-04	9.23E-04	1.06E-03	1.28E-03	5.66E-04
A[T>G]A	1.13E-04	1.36E-04	1.14E-04	5.42E-09	7.93E-05	1.53E-04	1.18E-04	2.92E-04
A[T>G]C	5.40E-05	1.39E-04	1.46E-04	1.09E-04	1.69E-04	1.70E-04	1.88E-04	8.52E-05
A[T>G]G	8.55E-05	3.13E-04	4.37E-04	6.74E-05	4.70E-04	4.49E-04	4.78E-04	2.82E-04
A[T>G]T	6.18E-05	1.03E-04	2.79E-04	4.68E-05	2.33E-04	2.98E-04	4.89E-04	1.07E-04
C[C>A]A	1.42E-03	1.95E-03	2.25E-03	1.31E-04	2.33E-03	2.13E-03	1.44E-03	7.82E-04
C[C>A]C	1.72E-03	2.43E-03	2.62E-03	2.47E-04	2.52E-03	2.23E-03	1.77E-03	1.12E-03
C[C>A]G	9.48E-04	1.57E-03	1.65E-03	2.75E-05	1.50E-03	1.89E-03	1.35E-03	1.10E-03
C[C>A]T	1.38E-03	2.20E-03	2.50E-03	2.97E-04	2.49E-03	2.16E-03	2.20E-03	1.12E-03
C[C>G]A	4.97E-04	6.14E-04	8.64E-04	3.59E-04	8.51E-04	1.03E-03	1.34E-03	3.88E-04
C[C>G]C	4.84E-04	6.52E-04	9.57E-04	9.42E-05	7.33E-04	9.41E-04	1.05E-03	2.08E-04
C[C>G]G	4.09E-04	5.94E-04	6.40E-04	8.47E-05	7.29E-04	6.26E-04	5.56E-04	5.19E-04
C[C>G]T	3.57E-04	6.96E-04	6.95E-04	3.84E-04	1.10E-03	1.08E-03	1.04E-03	2.67E-04
C[C>T]A	8.16E-04	1.51E-03	1.52E-03	4.46E-04	1.62E-03	1.93E-03	1.97E-03	1.04E-03
C[C>T]C	5.91E-04	1.12E-03	1.13E-03	1.13E-04	1.47E-03	1.56E-03	1.52E-03	9.36E-04
C[C>T]G	4.81E-04	7.79E-04	7.41E-04	3.96E-04	1.21E-03	1.73E-03	1.51E-03	1.17E-03
C[C>T]T	8.32E-04	1.39E-03	1.39E-03	6.70E-04	2.03E-03	1.65E-03	2.01E-03	4.86E-04
C[T>A]A	3.54E-04	4.98E-04	6.31E-04	1.72E-04	7.36E-04	6.95E-04	5.49E-04	2.65E-04
C[T>A]C	5.79E-04	1.31E-03	8.71E-04	1.20E-04	7.89E-04	1.21E-03	1.05E-03	3.09E-04
C[T>A]G	1.60E-03	2.15E-03	1.99E-03	3.05E-04	2.76E-03	2.37E-03	1.01E-03	8.77E-04
C[T>A]T	4.39E-04	7.93E-04	1.05E-03	1.70E-04	9.56E-04	1.44E-03	9.54E-04	4.72E-05
C[T>C]A	2.49E-04	5.14E-04	6.25E-04	4.51E-05	7.76E-04	1.09E-03	6.96E-04	3.94E-04
C[T>C]C	1.08E-04	2.58E-04	5.38E-04	1.57E-04	6.56E-04	6.20E-04	8.25E-04	2.59E-04
C[T>C]G	5.19E-04	9.03E-04	9.51E-04	8.88E-05	1.28E-03	1.07E-03	1.03E-03	9.10E-04
C[T>C]T	1.57E-04	6.33E-04	7.33E-04	3.71E-05	9.57E-04	9.17E-04	1.43E-03	2.81E-04
C[T>G]A	3.31E-05	1.33E-04	1.02E-04	7.37E-05	2.84E-04	2.09E-04	2.23E-04	5.22E-05
C[T>G]C	4.37E-05	1.85E-04	2.87E-04	8.55E-05	4.03E-04	3.62E-04	5.24E-04	3.25E-04
C[T>G]G	2.50E-04	4.88E-04	6.26E-04	1.61E-04	7.13E-04	9.71E-04	8.70E-04	5.60E-04
C[T>G]T	3.89E-05	1.58E-04	5.78E-04	2.27E-04	4.89E-04	7.96E-04	1.47E-03	5.10E-04
G[C>A]A	1.15E-03	1.59E-03	1.76E-03	3.12E-04	1.94E-03	2.57E-03	1.36E-03	1.17E-03
G[C>A]C	1.27E-03	1.68E-03	2.05E-03	3.74E-04	1.71E-03	2.34E-03	1.84E-03	3.24E-04
G[C>A]G	9.25E-04	1.47E-03	1.62E-03	3.30E-04	1.51E-03	1.82E-03	1.29E-03	6.85E-04
G[C>A]T	8.89E-04	1.22E-03	1.29E-03	2.38E-04	1.18E-03	1.40E-03	1.46E-03	8.24E-04
G[C>G]A	4.21E-04	5.70E-04	7.93E-04	2.51E-04	7.06E-04	7.68E-04	1.23E-03	5.52E-04
G[C>G]C	5.83E-04	6.75E-04	8.90E-04	1.38E-04	6.14E-04	7.56E-04	9.22E-04	4.65E-04
G[C>G]G	4.81E-04	5.99E-04	9.11E-04	1.33E-04	8.10E-04	6.57E-04	4.83E-04	3.64E-04
G[C>G]T	3.79E-04	6.30E-04	6.43E-04	2.92E-04	5.10E-04	7.02E-04	4.92E-04	2.59E-04
G[C>T]A	3.96E-04	1.14E-03	9.58E-04	3.66E-04	1.34E-03	1.26E-03	1.29E-03	1.06E-03
G[C>T]C	6.71E-04	9.58E-04	1.09E-03	2.83E-04	1.29E-03	1.18E-03	1.32E-03	1.11E-03
G[C>T]G	3.01E-04	6.97E-04	5.59E-04	4.90E-04	1.02E-03	1.20E-03	1.59E-03	1.54E-03
G[C>T]T	4.51E-04	7.49E-04	6.77E-04	2.62E-04	9.69E-04	1.22E-03	1.30E-03	9.58E-04
G[T>A]A	3.67E-04	6.76E-04	4.05E-04	9.20E-05	9.01E-04	1.14E-03	1.00E-03	1.94E-04
G[T>A]C	3.64E-04	6.37E-04	5.39E-04	7.97E-05	6.19E-04	6.25E-04	6.40E-04	2.85E-04
G[T>A]G	5.81E-04	8.70E-04	1.11E-03	2.36E-04	1.13E-03	1.35E-03	1.24E-03	2.81E-04
G[T>A]T	2.49E-04	3.94E-04	5.72E-04	1.56E-04	4.32E-04	5.01E-04	7.43E-04	3.09E-04
G[T>C]A	3.65E-04	6.89E-04	5.68E-04	3.07E-04	9.79E-04	1.22E-03	8.29E-04	6.37E-04
G[T>C]C	1.31E-04	3.15E-04	3.46E-04	2.39E-04	6.56E-04	8.58E-04	6.53E-04	5.36E-04
G[T>C]G	2.75E-04	6.17E-04	6.75E-04	1.80E-04	8.75E-04	1.07E-03	1.14E-03	4.60E-04
G[T>C]T	2.07E-04	3.06E-04	5.34E-04	2.51E-04	6.00E-04	8.66E-04	9.57E-04	4.86E-04
G[T>G]A	8.58E-05	1.16E-04	1.69E-04	9.79E-05	1.46E-04	2.12E-04	1.88E-04	1.52E-04
G[T>G]C	4.51E-05	1.23E-04	2.26E-04	1.21E-04	2.38E-04	2.27E-04	3.14E-04	2.14E-04
G[T>G]G	1.67E-04	2.56E-04	4.13E-04	1.49E-05	3.56E-04	4.98E-04	4.64E-04	7.33E-05
G[T>G]T	6.15E-05	1.29E-04	2.21E-04	1.06E-04	2.48E-04	3.78E-04	4.79E-04	2.79E-04
T[C>A]A	8.47E-04	1.47E-03	1.70E-03	5.84E-04	1.62E-03	2.06E-03	1.28E-03	6.22E-04
T[C>A]C	1.30E-03	1.98E-03	2.13E-03	5.29E-04	1.99E-03	2.47E-03	2.15E-03	9.27E-04
T[C>A]G	7.85E-04	1.03E-03	1.11E-03	1.82E-04	9.39E-04	1.35E-03	1.10E-03	3.19E-04
T[C>A]T	1.10E-03	1.67E-03	1.74E-03	4.31E-04	1.71E-03	1.66E-03	1.72E-03	6.80E-04
T[C>G]A	4.53E-04	7.75E-04	8.73E-04	9.85E-04	1.34E-03	9.13E-04	1.06E-03	9.37E-05
T[C>G]C	6.51E-04	8.82E-04	1.41E-03	6.62E-04	1.47E-03	1.61E-03	1.24E-03	4.92E-04
T[C>G]G	1.62E-04	3.59E-04	5.39E-04	3.07E-04	6.76E-04	6.30E-04	5.20E-04	1.79E-04
T[C>G]T	4.33E-04	8.05E-04	1.40E-03	1.02E-03	1.31E-03	1.07E-03	1.36E-03	4.10E-04
T[C>T]A	7.27E-04	9.01E-04	1.16E-03	1.13E-03	1.55E-03	2.39E-03	2.44E-03	8.52E-04
T[C>T]C	6.21E-04	1.28E-03	1.27E-03	6.63E-04	1.23E-03	1.66E-03	2.05E-03	8.76E-04
T[C>T]G	3.61E-04	4.55E-04	6.62E-04	6.83E-04	8.55E-04	1.05E-03	1.43E-03	1.06E-03
T[C>T]T	4.18E-04	7.47E-04	1.27E-03	8.47E-04	1.94E-03	1.51E-03	1.90E-03	8.28E-04
T[T>A]A	1.99E-04	4.24E-04	5.14E-04	9.88E-05	8.29E-04	7.79E-04	7.83E-04	2.44E-04
T[T>A]C	2.93E-04	3.81E-04	3.19E-04	4.49E-05	7.96E-04	6.90E-04	4.41E-04	4.20E-04
T[T>A]G	3.64E-04	6.58E-04	5.67E-04	1.75E-04	7.11E-04	5.83E-04	5.86E-04	2.52E-04
T[T>A]T	2.18E-04	3.65E-04	4.93E-04	1.49E-05	5.72E-04	3.99E-04	5.89E-04	1.65E-04
T[T>C]A	1.28E-04	2.78E-04	4.88E-04	2.50E-04	6.01E-04	4.59E-04	5.80E-04	4.00E-04
T[T>C]C	7.79E-05	2.46E-04	3.83E-04	8.78E-05	5.19E-04	5.52E-04	5.73E-04	4.21E-04
T[T>C]G	1.21E-04	3.43E-04	3.68E-04	6.70E-05	8.74E-04	8.07E-04	8.36E-04	4.76E-04
T[T>C]T	1.40E-04	3.66E-04	5.64E-04	1.45E-04	6.76E-04	7.40E-04	6.88E-04	2.42E-04
T[T>G]A	4.30E-05	1.14E-04	2.13E-04	5.18E-05	1.84E-04	2.21E-04	3.62E-04	1.08E-04
T[T>G]C	3.14E-05	1.40E-04	3.47E-04	2.03E-05	4.63E-04	5.56E-04	6.06E-04	1.42E-04
T[T>G]G	2.44E-04	2.70E-04	3.49E-04	9.85E-05	5.34E-04	3.96E-04	2.85E-04	1.70E-04
T[T>G]T	6.01E-05	2.37E-04	3.35E-04	1.18E-04	4.80E-04	5.41E-04	7.30E-04	2.67E-04
