MutationType	SBS96A	SBS96B	SBS96C	SBS96D	SBS96E	SBS96F	SBS96G	SBS96H
A[C>A]A	0.03641307578072883	0.027464782590977847	0.0290152079627876	0.0006746956934041837	0.023751476669967814	0.013930236746029436	0.006756041604574636	0.0019200737758399101
A[C>A]C	0.03278404402546584	0.0279780915658921	0.03325671493075788	0.0018848419766333536	0.01627833572000782	0.02801664594903059	0.025556730814278127	0.006429892762329814
A[C>A]G	0.02631147503852844	0.018273509005084634	0.018029278856246122	0.0015426190718920768	0.010045120785921426	0.014852227628625769	0.007400718486378537	0.0024120392543136404
A[C>A]T	0.02438419769046959	0.017933081644860068	0.023892813365473557	0.00023580705474184781	0.009250602263641048	0.010342116556435315	0.009544471588205284	0.0007448602963904705
A[C>G]A	0.003632740352628616	0.007849325115676037	0.008162441598202293	0.002804923208879906	0.013137080994618345	0.010618386340693177	0.011155538060727395	0.0003688459689146839
A[C>G]C	0.0025242071536195	0.004154476152980351	0.004965578106471042	0.003319222906697803	0.0037618566378660036	0.007654437430901453	0.0071869123831856995	0.007665171072367232
A[C>G]G	0.0018693096344935434	0.003301553247039255	0.005709159406355013	0.0006880797291203322	0.005557716258159644	0.0038711726175020542	0.0021368452866487074	0.000736363037740091
A[C>G]T	0.0022734618665706074	0.005306509273996198	0.002518663191367523	0.003927936815978512	0.010300976409844224	0.006517822941583517	0.00447605413580618	0.002538556005004011
A[C>T]A	0.009839940884226052	0.01286312419018941	0.007355441147446982	0.002398522362331157	0.01477523174893578	0.011128983818925917	0.009685641513385121	0.010233183723175898
A[C>T]C	0.006333418654685374	0.005396197636373472	0.00919090603826362	0.0017114830413538585	0.004887504418657045	0.00876967581862118	0.014626699647924396	0.021744209564858466
A[C>T]G	0.002856038901135776	0.0019534161360542867	0.004667973331090802	0.002015750206460325	0.0021009598583170775	0.008149700700596441	0.0155715332449779	0.15044667705893516
A[C>T]T	0.0032467650372711887	0.004655437021212947	0.006131638172691964	0.001304052804559177	0.01365309895162227	0.009201693820577077	0.014166418747500416	0.0026790598485132476
A[T>A]A	0.002806206489992604	0.004785247908695851	0.0050083159107681165	0.00010131279130117577	0.005528525598689953	0.004698409087805828	0.0035095467480888943	0.0030191061090472713
A[T>A]C	0.0012451633483317437	0.002667896428773133	0.004040538340923376	0.003197002840971095	0.004728855179710081	0.008005874662787278	0.0058899126329210105	0.009809147189516807
A[T>A]G	0.006568077475167229	0.009593789664213545	0.006253083203478127	0.0003926954610509981	0.01035257027287571	0.009516630920045373	0.009816631510751107	0.005124398739846754
A[T>A]T	0.0009257148153966455	0.0037796832473397345	0.0031859970162824423	0.0014209335446982508	0.0037076387336338	0.005511908596928805	0.0023564975562918276	0.0006223528965522717
A[T>C]A	0.002790879344611312	0.007970168188918452	0.00790390549984977	0.00029974519415986833	0.009530697828304256	0.010495042230969602	0.018704007952910617	0.00899658600358606
A[T>C]C	0.0007969892319115042	0.0015286585494090942	0.004100921146318512	6.9921175123521806e-06	0.003418293993181578	0.0032043630656100673	0.007315567880316678	0.0070101715214741485
A[T>C]G	0.0031324828218805578	0.010064625987072305	0.006292742335790536	0.002319257980735756	0.025636713550775313	0.014279901628080212	0.010564936199852468	0.009835576340792613
A[T>C]T	0.00026359686555224473	0.0023645783224336015	0.0032825940512839226	0.005814939865631459	0.008825759344181278	0.009471949692524503	0.015332436367025366	0.007283188352897545
A[T>G]A	0.0010343044124882538	0.0006875394400305001	0.0005227983473531595	1.1433564797158623e-08	0.00030094475504405694	0.0007160464258520704	0.00029677839668316606	0.004740974680842669
A[T>G]C	0.0003441309913981293	0.0011047983792251159	0.0006555269680428921	0.001028921414245767	0.0009624315278103523	0.001122521434799637	0.0009950091660561888	0.00031602516812689885
A[T>G]G	0.0003934753691902415	0.0019046495987481648	0.0030207523746391017	0.0003041900027937258	0.0037902103222154436	0.0026187801432274683	0.003300366907610843	0.003137501450327953
A[T>G]T	0.00027339609736927174	0.00047925358872515035	0.001545889532939091	9.839659242524945e-05	0.001386173277896603	0.001577644484269456	0.005528047735114683	0.0004913774253000014
C[C>A]A	0.07848938630893826	0.06548217356204987	0.060182781690938894	0.00040254975279125943	0.029107784887760318	0.02720897070062165	0.012036985543508606	0.005686081771713187
C[C>A]C	0.09973235964775086	0.07006971761584282	0.0383229332765769	0.0022368378420259205	0.024821210249102707	0.020870900580557645	0.01392091696766272	0.007096719589326383
C[C>A]G	0.03845779559807852	0.035278177291111205	0.024530823094391963	4.968531270236554e-05	0.013641102266575444	0.02085809810464525	0.009346236364886238	0.012885601637987704
C[C>A]T	0.06370600812137127	0.047813814282417294	0.03616348574892072	0.001510209379442955	0.04000374844910767	0.022312735960150577	0.020995295963568878	0.008378029242030606
C[C>G]A	0.008157441720832138	0.004194543308840366	0.0105773844124451	0.006775222175655245	0.005002609074599604	0.008166340126612761	0.01501743356552339	0.0022292297100375436
C[C>G]C	0.008216868414266755	0.007067414521402498	0.010799666261641505	0.0005793043846580119	0.005471429225863176	0.007885593329079375	0.00999590470542131	0.0008851372276883751
C[C>G]G	0.004226861370527786	0.006402856437775881	0.006835105621777302	0.0005132417818392435	0.005818822977948912	0.004256953840823598	0.0036218567089946418	0.0065552242079184
C[C>G]T	0.005531871933490038	0.008421442466807767	0.007841614446806488	0.007071920828820311	0.014681393795763142	0.01037276306320166	0.010226613862886041	0.0014389744656301672
C[C>T]A	0.017908674164209513	0.02124022782009095	0.020763287334120833	0.011121776559157297	0.01946281753364019	0.023110964213265105	0.04298268692567944	0.014275781154520191
C[C>T]C	0.012146174440276809	0.018488735044084024	0.014040837636566923	0.0003186256616979577	0.022098245106753893	0.024032406538026407	0.027818846560439852	0.012361631031308207
C[C>T]G	0.005242512784898281	0.006966308864235909	0.0064992973720654846	0.005337854669329544	0.014696038049060008	0.01783245494356379	0.01423392044089269	0.11180647775530815
C[C>T]T	0.015344579404918478	0.02206111754931044	0.0176127268341952	0.014885898164800975	0.02938040009816177	0.019719136822968723	0.02425837810849772	0.003239707381517576
C[T>A]A	0.006755916195979808	0.005680515923831991	0.006228184040777478	0.0012264679920062527	0.007193745107780956	0.005146496404150867	0.003559794669980434	0.0014217418067332232
C[T>A]C	0.007066579453557722	0.015964661816342415	0.006677941214910987	0.0007068197030833723	0.0061470059889450115	0.009835096910377388	0.006751470213990842	0.0015198191042093611
C[T>A]G	0.02856281943252725	0.027767198112705956	0.020792984446800347	0.0019996821848473623	0.06453865340910853	0.0241376885842908	0.003940682948067434	0.006115288550206515
C[T>A]T	0.007275268950403415	0.007389492899261762	0.012432345819478314	0.0007975833205344074	0.00971605748941613	0.01218592293093309	0.009152777688636178	7.619018915988818e-05
C[T>C]A	0.0015689118115278689	0.004321387874838933	0.004951090880196593	0.00010340357667810274	0.006781000452454009	0.01112176431783837	0.005602971315495324	0.003535903818761028
C[T>C]C	0.00041773343543788144	0.0016424905026724446	0.004241256761496004	0.0012276533604534735	0.006908282373639878	0.00455668975019762	0.008489207748608863	0.002056528304380265
C[T>C]G	0.006802751859340788	0.011578678818186744	0.009145802644236483	0.0003478161298653504	0.01878216422366677	0.008628580009175267	0.008706861255793683	0.014440992470564993
C[T>C]T	0.0006621266170921558	0.004849730830899545	0.0051113519906760985	4.8798805723073814e-05	0.013174668674788457	0.00745161359382962	0.018521424075739788	0.0016354692635920287
C[T>G]A	0.00012063271767388528	0.000815479974325699	0.0004469706101422588	0.0007873494194297593	0.0023720417197275624	0.0012821306665321331	0.0011750353788544743	0.00014691036923011324
C[T>G]C	0.00013086743654579182	0.001090206392732469	0.00156765919799426	0.0003839332066542589	0.0030246205349039102	0.001896548647119971	0.004303252254017735	0.003918560271555691
C[T>G]G	0.002126836127918068	0.004088707281627501	0.0060030574377742596	0.001100929502629322	0.005438098222906546	0.010380708048965914	0.008882393097737805	0.008723868729171046
C[T>G]T	0.0001120543693161835	0.0005298783476159485	0.0017998879182115957	0.0025508925656563975	0.00160635074030381	0.003939349365452927	0.020566248867912692	0.003751378152190341
G[C>A]A	0.041976905055344106	0.02792391188829242	0.02208368625724688	0.0038808600373391755	0.01801979145186471	0.03262252557091415	0.008683653247935708	0.010542755583878148
G[C>A]C	0.03572011127136648	0.04471384588163346	0.04240305115934461	0.003558939630951592	0.017637640926224094	0.028229171690763905	0.018832228457165458	0.0009857096332837045
G[C>A]G	0.02230242408149934	0.022750304650689942	0.027917185290716587	0.0022433264915824227	0.018799946964787973	0.025291816149197077	0.01200985219794802	0.005519868103595513
G[C>A]T	0.02581645216792822	0.019301989371306262	0.028222489953041077	0.0028539155313171707	0.011182872162521562	0.019101320197805763	0.012663623565053968	0.009241713290278994
G[C>G]A	0.005480586336448141	0.004634542266139761	0.0065605796495515276	0.003455360504177918	0.004497370209428482	0.006000929893286866	0.016279044605325907	0.006098886195123896
G[C>G]C	0.009372878561262041	0.0054870705176165305	0.006800892541368739	0.000980906073221277	0.003639216407692061	0.004498360903880894	0.008646767959879753	0.004551013500330661
G[C>G]G	0.004907963131390716	0.004535320315044373	0.009709381056875372	0.0008021663083783181	0.007579266276582289	0.0038978980920467165	0.0020231737832813223	0.0031391684526366247
G[C>G]T	0.007203413128233933	0.004626759913766847	0.005234540960070717	0.00650440890456963	0.0022083250837798118	0.004547595788364447	0.0029678161244433452	0.0016525031468358974
G[C>T]A	0.003102520583038958	0.013224743027240037	0.00753679521381855	0.008174402674776503	0.01420096727903001	0.011834966491151136	0.010767297296595188	0.03063981986764702
G[C>T]C	0.007992341725846251	0.01011569731257623	0.008935856057536067	0.004206735250772908	0.013857570798136295	0.008816939477110281	0.01421328599840655	0.0471672048792243
G[C>T]G	0.001117118604015559	0.003734373107145075	0.003372958038255831	0.01077528771245852	0.008853796258094055	0.007099874539999291	0.01338163784901667	0.1464867389202118
G[C>T]T	0.005180323171853716	0.008259002316044643	0.005793809531096486	0.0026309804421043737	0.010441650084903813	0.01390069806802785	0.012131208173707048	0.03224613877944648
G[T>A]A	0.003970593145559178	0.0070950063364279	0.0023240439565469727	0.0007841271255876947	0.006938047112610093	0.010565784197037829	0.010530477485481811	0.0008873685733104253
G[T>A]C	0.0032936310718264393	0.006935607850293195	0.0038325146916844233	0.00039554045158530116	0.005143422954663208	0.005176147349068287	0.005516235190825114	0.0019644892355373143
G[T>A]G	0.009245599762833763	0.008187463055786565	0.011982780456000909	0.0019354404044483963	0.00922987707194352	0.013032061059109026	0.013546412493495552	0.001739212120027105
G[T>A]T	0.002706258600084445	0.003934779027476906	0.004992640033545399	0.001239721094343471	0.003523777828395822	0.003733455951585256	0.007980237098155102	0.002246636854240336
G[T>C]A	0.002956995612416904	0.005730023885357696	0.003751901999801959	0.003618777563896174	0.007653625350030413	0.012899385249183978	0.006231249922718121	0.010754426989677768
G[T>C]C	0.00047431607425096444	0.002222076658390506	0.0019056705466937273	0.0037894873159356733	0.004247215027062339	0.006159670268653592	0.004485860874786454	0.0065706790867716336
G[T>C]G	0.0018857118527019026	0.0052374800655525175	0.005726972395859775	0.0012938860571997779	0.009647661195206183	0.009122301932745814	0.013256798394147609	0.005174867581033027
G[T>C]T	0.0019202586359460838	0.002179807121574413	0.003409020479886714	0.004639890374166669	0.004679813518305309	0.006807548910583137	0.008050567648185165	0.00810508817608934
G[T>G]A	0.0007894730854138743	0.0006881502165008246	0.0009267814965044607	0.0006295529144132672	0.0008456374060243376	0.0012292192040285598	0.0011811083457089922	0.0006365796459865436
G[T>G]C	0.0001499649192210484	0.0005627159917250423	0.001182957441920749	0.0017042025017542529	0.001272126364319668	0.0010163496351794166	0.001494022355061162	0.0021705701613990414
G[T>G]G	0.0017693323456647648	0.0017042571047463184	0.0035915957145975243	1.4939853974214045e-05	0.0024384746594352438	0.0038643782232784217	0.0035003755576438777	0.00018850153336337882
G[T>G]T	0.00030090182817403387	0.000796698417598094	0.0012941014211796187	0.0009819491426339866	0.0010242622517603196	0.002265721936128102	0.0056081698052850015	0.0028344094674130817
T[C>A]A	0.02765263434499502	0.027428512164624406	0.034588887377176435	0.021657653304282577	0.024844746103044598	0.029420998571583822	0.011560473349504718	0.004417360546957525
T[C>A]C	0.07175723940134049	0.03589504934614524	0.06337706504389644	0.013169492442393675	0.021478952076286077	0.02793174598599564	0.02276985689532524	0.008893780185317154
T[C>A]G	0.0151700964092106	0.01671269223326817	0.014698776622134115	0.001404142692177963	0.011211364531923208	0.017033469245889138	0.008386161777634698	0.0014845257567179715
T[C>A]T	0.04253045240882784	0.03624128581490368	0.02796360965585336	0.01198699405649677	0.019101737815221894	0.02087171809529764	0.014232525809202343	0.005054026866650934
T[C>G]A	0.003966937222933211	0.0069634897324738175	0.005409660396371834	0.13964230947196485	0.007586495437683425	0.0035644162300053073	0.0045947433685580566	0.0002847087988939734
T[C>G]C	0.00758361444820018	0.00872436665295925	0.011820060558329322	0.044343446884304284	0.010066686616347624	0.015220051555570536	0.010580919334752253	0.002851392411625966
T[C>G]G	0.0013305762433446944	0.0026009470613450004	0.0052578246995426525	0.01802967564202845	0.00813993709798524	0.005466920193655298	0.0037468336130702085	0.001090688100626238
T[C>G]T	0.002948462266358547	0.006033997651040863	0.011227610623345754	0.16727825105190278	0.007870175579466149	0.007399517204030417	0.013112454151601014	0.0029706659995759445
T[C>T]A	0.006190314553302152	0.006146996185998432	0.009093033200624632	0.20515882328152657	0.01411933608353138	0.023282471564669827	0.026687215869314967	0.00939513043500483
T[C>T]C	0.008076082770618196	0.01625119884556625	0.01604757246102963	0.05666254352778197	0.00985231645347085	0.018993907823169145	0.04436655775993131	0.011687754023587332
T[C>T]G	0.002206600548006463	0.003176273880089866	0.0032894866826263906	0.055562292486429216	0.005953389444188215	0.00818110194435576	0.013644746622303501	0.06374673873186111
T[C>T]T	0.0026130573845742867	0.00686464927639463	0.011128253434461865	0.0842774636298418	0.025508555147389415	0.01682866929564625	0.03180447487626225	0.012946267259540036
T[T>A]A	0.00095433404390673	0.0031931814730618907	0.003522209669688721	0.0006071496408930877	0.00789505341678904	0.005551674175301624	0.005346581271335821	0.0011735889512118547
T[T>A]C	0.002891072330734801	0.0025210665668078036	0.0023092616716581917	0.0001295252499300048	0.009945278628152324	0.006309199563794436	0.0026684511921069996	0.003967781073655772
T[T>A]G	0.006047834304044954	0.008194466895365621	0.005873862968882997	0.0017344686955861732	0.007733610700531699	0.004954742281105809	0.004837239386429104	0.0013426316582422259
T[T>A]T	0.001989200397373736	0.003245249956380576	0.004972886383804891	3.300807356581004e-05	0.006370698343363585	0.0036283857758265016	0.005944598571600182	0.0008429102368194919
T[T>C]A	0.000926260305149924	0.0017738428746451973	0.003188865157426335	0.0038146410789853037	0.005672980122908484	0.003624619079587319	0.0038633216023243634	0.005814638621995982
T[T>C]C	0.00035264284422737547	0.0015993523264273791	0.0026343413000608964	0.00047543061817890476	0.005235242789131007	0.004338707702276565	0.007702334336057675	0.006992035609033565
T[T>C]G	0.0004128747101298558	0.001993778282746348	0.0017940086398506594	0.0002748161354284928	0.010310974174411172	0.00686560746437749	0.009193953126698488	0.004968313607204777
T[T>C]T	0.0003819385298993439	0.0024589145514106294	0.0027618775216399173	0.0013832090267069219	0.006301842972637672	0.005788186165127627	0.0067599286606258606	0.0013791812799510694
T[T>G]A	0.00016760337318881823	0.0005385080914114582	0.001090566892706306	0.0004003491011324467	0.0010072216507046505	0.001330128076676118	0.0032647619831524823	0.0004659428980034974
T[T>G]C	6.333230466424312e-05	0.0006119265695193832	0.0018278525645872735	3.041924686698394e-05	0.0024307359489082357	0.004331397631962944	0.005528304815096874	0.0010867683228320856
T[T>G]G	0.002181384303278886	0.0016582841081903333	0.0023657601750095127	0.0005934676475764178	0.004720419691913946	0.002757507232925178	0.001603675870415202	0.0008570838099002743
T[T>G]T	0.00016323611745988842	0.0013249883538586004	0.001987097901498221	0.0006788340533231007	0.0035428435370587863	0.003148655166583012	0.007838241285129754	0.0022551318750834073
