MutationType	ID83A	ID83B	ID83C	ID83D	ID83E	ID83F
1:Del:C:0	3.210902599519727e-06	2.457798953400925e-05	2.82083513593534e-05	2.4830753200149048e-05	1.9708186741809186e-05	2.2869275783250485e-05
1:Del:C:1	0.008918152802171803	0.055002586265718495	0.007196816529007944	0.010372810286042186	0.3967274290098953	0.025979554765474325
1:Del:C:2	0.0008035727104419256	0.007855844748114248	0.08300039990064331	0.06904516614770674	0.04437498086952549	0.04174924401344977
1:Del:C:3	0.0001663005388845562	0.009349021233693975	0.03340411613042881	0.02988916621120552	0.011221006234821593	0.030364064076965448
1:Del:C:4	8.394685515378697e-05	0.004286174769831632	0.0018480999971779966	0.006120585345324798	0.012712546620127085	0.02303197072124078
1:Del:C:5	8.413556762121744e-05	0.0032170188811346634	0.0018851721191185788	0.0036262376564081935	0.008274573125139994	0.020395832638251933
1:Del:T:0	3.210902599519727e-06	2.457798953400925e-05	2.82083513593534e-05	2.4830753200149048e-05	1.9708186741809186e-05	2.2869275783250485e-05
1:Del:T:1	0.021202482560167938	0.011537343521787827	0.0825495030699137	0.06199236359126457	0.020878600104792363	0.05646694866701733
1:Del:T:2	1.0028078239820992e-06	0.0029722640198156115	0.02408266261852077	0.02358914297808326	0.014126589353739121	0.010843023986583376
1:Del:T:3	0.00010760657179798018	0.014464363074669109	0.05226431728474836	0.028929907684155865	0.02457321002853998	0.015905640351646894
1:Del:T:4	0.0013073250506880996	0.0022423314277557438	0.03275235010750748	0.009134234128688093	0.009842864814385167	0.024889752321976745
1:Del:T:5	1.7540381806213646e-06	0.001973933963295167	0.01326136002567182	0.009987227289448697	0.005828715043039665	0.007460678560928997
1:Ins:C:0	0.017596595751936093	2.084418731101323e-05	2.373020985032781e-05	2.039098191744415e-05	0.0002165850211815723	0.0016818805694174444
1:Ins:C:1	0.008243431322845201	0.035022326193433886	0.07702985730154012	0.02733352139213988	0.01187167484274279	0.04765198200460989
1:Ins:C:2	0.00990847748504649	0.0025444027024776263	0.011331530143945657	0.011162029490601527	0.003753675172556541	0.004321777738847459
1:Ins:C:3	1.984420405745091e-06	0.001875106352185867	0.008831713664653762	0.014873700967392552	0.0036538002340580533	0.005010741347489329
1:Ins:C:4	0.0006928282671075436	0.02013142603145866	0.015406769797200468	0.012225708121779916	0.01595155760547982	0.01379694573772717
1:Ins:C:5	8.144580631949338e-05	0.0017519833202277368	0.010433440194237847	0.005166070383616557	0.010518172360639256	0.006277024108674141
1:Ins:T:0	0.02361908147644982	0.009141807751720469	0.00622396389102588	0.015592537531655596	0.020236578073748176	0.10880863764124797
1:Ins:T:1	0.011865447313036093	0.01910479202576899	0.06370621627961132	0.10593999553669324	0.06895499562288335	0.047306079851832425
1:Ins:T:2	7.862417272442619e-07	0.013313213343076344	0.03683833251889155	0.011317987955199981	0.028086215809605762	0.01671129970412494
1:Ins:T:3	3.210902599519727e-06	2.457798953400925e-05	2.82083513593534e-05	2.4830753200149048e-05	1.9708186741809186e-05	2.2869275783250485e-05
1:Ins:T:4	0.00016925566733405617	0.004978521090420145	0.0024486609535553008	0.011582215752532647	0.0027996893053165196	0.010519349229699628
1:Ins:T:5	0.0004135130480529417	0.015596273687329396	0.17702227689573988	0.026018245450656084	0.03536877074265428	0.004339169629963
2:Del:R:0	0.007828312141337647	0.009203794903484348	0.026353494793042387	0.004913918362632956	0.016173136801699003	0.02146594479176554
2:Del:R:1	3.210902599519727e-06	2.457798953400925e-05	2.82083513593534e-05	2.4830753200149048e-05	1.9708186741809186e-05	2.2869275783250485e-05
2:Del:R:2	3.210902599519727e-06	2.457798953400925e-05	2.82083513593534e-05	2.4830753200149048e-05	1.9708186741809186e-05	2.2869275783250485e-05
2:Del:R:3	3.210902599519727e-06	2.457798953400925e-05	2.82083513593534e-05	2.4830753200149048e-05	1.9708186741809186e-05	2.2869275783250485e-05
2:Del:R:4	3.210902599519727e-06	2.457798953400925e-05	2.82083513593534e-05	2.4830753200149048e-05	1.9708186741809186e-05	2.2869275783250485e-05
2:Del:R:5	3.210902599519727e-06	2.457798953400925e-05	2.82083513593534e-05	2.4830753200149048e-05	1.9708186741809186e-05	2.2869275783250485e-05
3:Del:R:0	8.067917261741506e-05	0.0019907134194784275	0.01983226462199355	0.018488433204367744	0.01643069228950992	0.028646544358755365
3:Del:R:1	3.210902599519727e-06	2.457798953400925e-05	2.82083513593534e-05	2.4830753200149048e-05	1.9708186741809186e-05	2.2869275783250485e-05
3:Del:R:2	3.210902599519727e-06	2.457798953400925e-05	2.82083513593534e-05	2.4830753200149048e-05	1.9708186741809186e-05	2.2869275783250485e-05
3:Del:R:3	3.210902599519727e-06	2.457798953400925e-05	2.82083513593534e-05	2.4830753200149048e-05	1.9708186741809186e-05	2.2869275783250485e-05
3:Del:R:4	3.210902599519727e-06	2.457798953400925e-05	2.82083513593534e-05	2.4830753200149048e-05	1.9708186741809186e-05	2.2869275783250485e-05
3:Del:R:5	3.210902599519727e-06	2.457798953400925e-05	2.82083513593534e-05	2.4830753200149048e-05	1.9708186741809186e-05	2.2869275783250485e-05
4:Del:R:0	1.9030793544239088e-06	0.0021941968718601854	0.010915156574455978	0.0074059959935675575	0.004764281091152611	0.009054008589441765
4:Del:R:1	3.210902599519727e-06	2.457798953400925e-05	2.82083513593534e-05	2.4830753200149048e-05	1.9708186741809186e-05	2.2869275783250485e-05
4:Del:R:2	3.210902599519727e-06	2.457798953400925e-05	2.82083513593534e-05	2.4830753200149048e-05	1.9708186741809186e-05	2.2869275783250485e-05
4:Del:R:3	3.210902599519727e-06	2.457798953400925e-05	2.82083513593534e-05	2.4830753200149048e-05	1.9708186741809186e-05	2.2869275783250485e-05
4:Del:R:4	3.210902599519727e-06	2.457798953400925e-05	2.82083513593534e-05	2.4830753200149048e-05	1.9708186741809186e-05	2.2869275783250485e-05
4:Del:R:5	3.210902599519727e-06	2.457798953400925e-05	2.82083513593534e-05	2.4830753200149048e-05	1.9708186741809186e-05	2.2869275783250485e-05
5:Del:R:0	0.03954439473223829	0.6228305965662002	0.00907611697198765	0.004072987279816034	0.02168663541846423	0.027857653829031617
5:Del:R:1	3.210902599519727e-06	2.457798953400925e-05	2.82083513593534e-05	2.4830753200149048e-05	1.9708186741809186e-05	2.2869275783250485e-05
5:Del:R:2	3.210902599519727e-06	2.457798953400925e-05	2.82083513593534e-05	2.4830753200149048e-05	1.9708186741809186e-05	2.2869275783250485e-05
5:Del:R:3	3.210902599519727e-06	2.457798953400925e-05	2.82083513593534e-05	2.4830753200149048e-05	1.9708186741809186e-05	2.2869275783250485e-05
5:Del:R:4	3.210902599519727e-06	2.457798953400925e-05	2.82083513593534e-05	2.4830753200149048e-05	1.9708186741809186e-05	2.2869275783250485e-05
5:Del:R:5	3.210902599519727e-06	2.457798953400925e-05	2.82083513593534e-05	2.4830753200149048e-05	1.9708186741809186e-05	2.2869275783250485e-05
2:Ins:R:0	0.09850034654659226	0.001917890690240209	0.0030616016258085787	0.004587542185571452	0.009892159939079057	0.16487930065076853
2:Ins:R:1	3.210902599519727e-06	2.457798953400925e-05	2.82083513593534e-05	2.4830753200149048e-05	1.9708186741809186e-05	2.2869275783250485e-05
2:Ins:R:2	3.210902599519727e-06	2.457798953400925e-05	2.82083513593534e-05	2.4830753200149048e-05	1.9708186741809186e-05	2.2869275783250485e-05
2:Ins:R:3	3.881531999283538e-06	0.010056947324437715	0.010936184953920928	0.005294476503244709	0.004080404787728753	0.009026441341293889
2:Ins:R:4	3.210902599519727e-06	2.457798953400925e-05	2.82083513593534e-05	2.4830753200149048e-05	1.9708186741809186e-05	2.2869275783250485e-05
2:Ins:R:5	3.210902599519727e-06	2.457798953400925e-05	2.82083513593534e-05	2.4830753200149048e-05	1.9708186741809186e-05	2.2869275783250485e-05
3:Ins:R:0	0.05260204186598685	1.8626307764861848e-05	2.1204983627285402e-05	0.000660922703622191	0.0018150125062675216	0.005413353890991175
3:Ins:R:1	0.00036952677590477377	0.010193751764288096	0.005021041140080343	0.001975883780855838	0.0037687390161448777	0.027504548478966627
3:Ins:R:2	3.210902599519727e-06	2.457798953400925e-05	2.82083513593534e-05	2.4830753200149048e-05	1.9708186741809186e-05	2.2869275783250485e-05
3:Ins:R:3	3.210902599519727e-06	2.457798953400925e-05	2.82083513593534e-05	2.4830753200149048e-05	1.9708186741809186e-05	2.2869275783250485e-05
3:Ins:R:4	3.210902599519727e-06	2.457798953400925e-05	2.82083513593534e-05	2.4830753200149048e-05	1.9708186741809186e-05	2.2869275783250485e-05
3:Ins:R:5	3.210902599519727e-06	2.457798953400925e-05	2.82083513593534e-05	2.4830753200149048e-05	1.9708186741809186e-05	2.2869275783250485e-05
4:Ins:R:0	0.039495841817997646	1.930175041707116e-05	2.1799005294269593e-05	0.00034016583845641434	0.001017748336707882	0.004118383169109166
4:Ins:R:1	3.210902599519727e-06	2.457798953400925e-05	2.82083513593534e-05	2.4830753200149048e-05	1.9708186741809186e-05	2.2869275783250485e-05
4:Ins:R:2	3.210902599519727e-06	2.457798953400925e-05	2.82083513593534e-05	2.4830753200149048e-05	1.9708186741809186e-05	2.2869275783250485e-05
4:Ins:R:3	3.210902599519727e-06	2.457798953400925e-05	2.82083513593534e-05	2.4830753200149048e-05	1.9708186741809186e-05	2.2869275783250485e-05
4:Ins:R:4	3.210902599519727e-06	2.457798953400925e-05	2.82083513593534e-05	2.4830753200149048e-05	1.9708186741809186e-05	2.2869275783250485e-05
4:Ins:R:5	3.210902599519727e-06	2.457798953400925e-05	2.82083513593534e-05	2.4830753200149048e-05	1.9708186741809186e-05	2.2869275783250485e-05
5:Ins:R:0	0.6240576213598251	0.003907733174101372	0.012972178776917665	0.006334644198482597	0.01251668613344317	0.030911480188269832
5:Ins:R:1	0.00016610720905619242	0.01730173667611988	0.060984977461276915	0.03270188429750868	0.049253728440068104	0.03185898718344182
5:Ins:R:2	3.210902599519727e-06	2.457798953400925e-05	2.82083513593534e-05	2.4830753200149048e-05	1.9708186741809186e-05	2.2869275783250485e-05
5:Ins:R:3	3.210902599519727e-06	2.457798953400925e-05	2.82083513593534e-05	2.4830753200149048e-05	1.9708186741809186e-05	2.2869275783250485e-05
5:Ins:R:4	3.210902599519727e-06	2.457798953400925e-05	2.82083513593534e-05	2.4830753200149048e-05	1.9708186741809186e-05	2.2869275783250485e-05
5:Ins:R:5	3.210902599519727e-06	2.457798953400925e-05	2.82083513593534e-05	2.4830753200149048e-05	1.9708186741809186e-05	2.2869275783250485e-05
2:Del:M:1	0.008584470716534866	0.014895513049121973	0.026510733567910977	0.030342248746367213	0.00953941342267372	0.040484240210342935
3:Del:M:1	1.8391134922524087e-06	0.009994853171310752	0.0008565685364465025	0.008100760921156507	0.011991329553594596	0.001594094785989455
3:Del:M:2	3.210902599519727e-06	2.457798953400925e-05	2.82083513593534e-05	2.4830753200149048e-05	1.9708186741809186e-05	2.2869275783250485e-05
4:Del:M:1	1.1304738309747542e-06	0.008167070327645902	0.01642097094990163	0.01890158403020166	0.016535549813987985	0.01589712232664283
4:Del:M:2	2.0439923428483554e-06	0.004816795114920751	0.009495946308929889	0.006287854579795749	0.003571550664784695	0.011227564546441044
4:Del:M:3	3.210902599519727e-06	2.457798953400925e-05	2.82083513593534e-05	2.4830753200149048e-05	1.9708186741809186e-05	2.2869275783250485e-05
5:Del:M:1	0.019685958824731894	0.02329874830900057	0.013887333896916525	0.34207929340906956	0.02391637980767685	0.012135462906910388
5:Del:M:2	9.430423098422124e-07	0.016842462496160806	0.028280375901382514	0.005790798944411707	0.04194674564905711	0.01684987610693497
5:Del:M:3	0.0036625595135349443	0.0048862573538008295	0.002569606145762009	0.006708801747854523	0.00026041020537149963	0.01655713705771518
5:Del:M:4	3.2109026412285856e-06	2.457798964314861e-05	2.8208351504872553e-05	2.483075383679534e-05	1.9708186686102634e-05	2.286927546037987e-05
5:Del:M:5	3.2109026412285856e-06	2.457798964314861e-05	2.8208351504872553e-05	2.483075383679534e-05	1.9708186686102634e-05	2.286927546037987e-05
