NMF_Replicate	L1	L1 %	L2	L2 %	KL Divergence	Correlation	Convergence Iterations
1	7.226	102.275	2.714	64.036	1.046	0.756	20000.0
2	7.469	106.496	2.836	67.131	1.181	0.714	20000.0
3	8.48	119.738	3.145	74.042	1.31	0.663	20000.0
4	7.294	101.316	2.719	62.801	1.122	0.772	20000.0
5	7.248	100.746	2.713	62.453	1.095	0.771	20000.0
6	7.187	103.991	2.799	64.806	1.212	0.74	20000.0
7	7.444	106.23	2.837	67.129	1.079	0.718	40000.0
8	8.025	119.403	3.081	72.792	1.451	0.633	20000.0
9	7.387	109.414	2.796	65.479	1.29	0.719	20000.0
10	7.403	108.133	2.801	65.82	1.207	0.723	20000.0
11	7.486	107.503	2.835	67.902	1.258	0.697	20000.0
12	7.238	107.086	2.804	67.542	1.221	0.703	20000.0
13	7.006	100.813	2.666	60.028	1.138	0.762	20000.0
14	7.664	106.446	2.88	66.699	1.211	0.739	20000.0
15	7.416	105.772	2.727	63.878	1.19	0.736	20000.0
16	8.405	119.894	3.18	74.91	1.369	0.634	20000.0
17	7.2	100.394	2.714	62.187	1.072	0.768	20000.0
18	7.637	111.171	3.027	68.169	1.337	0.694	20000.0
19	7.84	116.531	2.854	69.029	1.341	0.67	20000.0
20	6.941	99.242	2.645	61.753	1.078	0.759	30000.0
21	7.931	109.055	2.839	66.09	1.211	0.732	20000.0
22	7.762	113.805	3.001	72.334	1.295	0.658	20000.0
23	7.335	100.706	2.754	61.88	1.083	0.783	20000.0
24	7.905	111.684	2.932	68.675	1.244	0.709	20000.0
25	7.247	101.512	2.662	63.661	1.104	0.749	20000.0
26	7.263	105.447	2.662	67.627	1.255	0.709	20000.0
27	8.457	118.15	3.129	70.658	1.348	0.678	20000.0
28	7.474	104.136	2.779	63.806	1.163	0.759	20000.0
29	7.702	115.223	3.006	69.197	1.356	0.648	20000.0
30	7.793	114.914	3.035	70.495	1.349	0.658	20000.0
31	7.148	104.476	2.674	63.372	1.184	0.73	20000.0
32	7.65	104.913	2.841	65.162	1.061	0.772	20000.0
33	7.321	106.387	2.833	66.056	1.182	0.726	20000.0
34	8.034	115.669	2.835	70.823	1.247	0.683	20000.0
35	8.151	120.981	2.915	73.186	1.422	0.637	20000.0
36	7.671	110.895	2.817	69.266	1.203	0.7	30000.0
37	7.729	108.929	2.874	67.093	1.233	0.73	20000.0
38	7.275	105.583	2.833	63.177	1.178	0.74	20000.0
39	9.051	132.091	3.381	77.547	1.606	0.578	20000.0
40	7.305	101.798	2.746	63.479	1.149	0.755	20000.0
41	7.409	111.259	2.806	66.645	1.309	0.695	20000.0
42	6.857	95.951	2.67	55.803	1.021	0.797	30000.0
43	6.931	100.959	2.56	60.278	1.189	0.768	20000.0
44	7.196	107.134	2.809	65.125	1.198	0.718	20000.0
45	7.278	108.316	2.634	66.923	1.279	0.703	20000.0
46	7.569	115.661	2.866	70.209	1.447	0.645	20000.0
47	6.821	102.739	2.671	63.754	1.179	0.728	20000.0
48	7.833	118.196	3.026	72.894	1.377	0.639	20000.0
49	7.426	107.645	2.562	64.111	1.262	0.734	20000.0
50	7.618	111.498	2.695	65.686	1.244	0.707	20000.0
51	8.061	117.039	2.978	70.538	1.318	0.68	20000.0
52	7.501	106.6	2.903	66.85	1.216	0.714	20000.0
53	6.718	92.883	2.394	55.108	0.965	0.82	20000.0
54	7.882	107.845	3.008	68.514	1.075	0.73	20000.0
55	8.139	116.16	2.896	68.389	1.366	0.682	20000.0
56	7.139	99.429	2.638	62.122	1.031	0.78	30000.0
57	6.441	94.678	2.453	56.283	1.076	0.788	20000.0
58	6.786	98.605	2.607	57.755	1.226	0.774	40000.0
59	8.53	120.479	3.057	73.63	1.388	0.645	20000.0
60	7.605	108.65	2.726	64.688	1.306	0.726	20000.0
61	7.445	105.249	2.724	65.945	1.102	0.749	20000.0
62	7.497	107.02	2.945	68.368	1.171	0.722	40000.0
63	7.221	106.546	2.781	65.413	1.208	0.723	40000.0
64	7.976	114.396	2.801	69.04	1.347	0.695	30000.0
65	7.087	98.692	2.919	59.462	1.015	0.784	20000.0
66	7.841	113.279	2.661	68.527	1.317	0.687	20000.0
67	8.308	120.191	3.072	70.776	1.451	0.656	20000.0
68	7.777	112.276	2.881	66.789	1.273	0.71	20000.0
69	7.916	113.025	2.845	69.925	1.208	0.702	20000.0
70	7.386	110.579	2.716	67.178	1.32	0.689	40000.0
71	8.143	116.481	3.036	71.665	1.379	0.667	20000.0
72	8.191	114.815	2.934	71.802	1.253	0.673	20000.0
73	7.648	111.648	3.044	68.932	1.334	0.687	20000.0
74	7.189	106.092	2.614	62.347	1.238	0.721	20000.0
75	7.666	110.514	2.952	67.531	1.256	0.707	20000.0
76	7.717	109.875	2.943	69.224	1.179	0.707	20000.0
77	7.39	104.71	2.85	64.521	1.184	0.738	20000.0
78	6.793	98.172	2.665	59.338	1.163	0.758	20000.0
79	6.906	100.746	2.621	61.594	1.157	0.751	20000.0
80	7.835	112.668	2.945	69.038	1.281	0.676	20000.0
81	8.434	116.359	3.123	73.255	1.322	0.677	20000.0
82	7.496	105.21	2.681	66.685	1.185	0.73	20000.0
83	8.189	119.358	2.962	71.632	1.442	0.656	30000.0
84	7.22	103.796	2.634	63.16	1.204	0.752	20000.0
85	7.029	101.106	2.688	60.697	1.169	0.767	20000.0
86	7.271	104.13	2.858	66.442	1.128	0.718	20000.0
87	7.627	114.16	2.844	69.062	1.257	0.676	30000.0
88	7.453	101.362	2.768	63.526	1.069	0.788	20000.0
89	7.343	103.992	2.708	62.086	1.044	0.771	40000.0
90	8.642	122.445	3.204	75.084	1.41	0.624	20000.0
91	8.526	120.714	3.041	73.061	1.449	0.644	20000.0
92	8.21	113.38	3.039	70.009	1.297	0.704	30000.0
93	7.58	110.578	2.768	66.477	1.285	0.701	20000.0
94	7.153	104.754	2.687	64.007	1.206	0.734	20000.0
95	7.347	105.882	2.556	63.569	1.222	0.745	20000.0
96	8.132	113.217	2.969	68.258	1.179	0.735	30000.0
97	7.607	112.125	2.99	71.441	1.376	0.666	20000.0
98	7.353	104.642	2.709	64.248	1.092	0.757	20000.0
99	7.118	101.548	2.638	64.029	1.162	0.744	20000.0
100	7.175	101.9	2.746	60.604	1.165	0.763	20000.0
