NMF_Replicate	L1	L1 %	L2	L2 %	KL Divergence	Correlation	Convergence Iterations
1	162.839	60.61	24.007	48.483	0.396	0.782	50000.0
2	160.783	60.688	23.818	48.429	0.398	0.781	40000.0
3	160.3	59.348	23.834	47.907	0.381	0.785	50000.0
4	159.648	60.23	23.707	48.124	0.393	0.784	40000.0
5	159.637	60.441	23.694	48.1	0.391	0.785	50000.0
6	160.078	59.898	23.754	48.013	0.387	0.787	70000.0
7	161.447	60.881	23.962	48.724	0.398	0.777	70000.0
8	160.374	60.674	23.746	48.227	0.399	0.782	30000.0
9	159.41	60.073	23.72	48.429	0.394	0.779	50000.0
10	159.572	59.78	23.715	47.984	0.385	0.785	30000.0
11	159.942	60.343	23.835	48.281	0.399	0.781	60000.0
12	160.573	60.446	23.831	48.431	0.395	0.781	60000.0
13	160.4	60.174	23.818	48.134	0.392	0.785	40000.0
14	159.237	60.416	23.461	47.948	0.4	0.78	40000.0
15	159.795	60.059	23.722	47.912	0.389	0.787	80000.0
16	159.836	60.245	23.801	48.426	0.395	0.779	40000.0
17	159.955	60.661	23.919	48.443	0.393	0.783	60000.0
18	160.231	59.863	23.83	48.114	0.387	0.788	50000.0
19	158.928	59.046	24.033	48.066	0.382	0.788	50000.0
20	161.039	60.075	23.971	48.173	0.393	0.786	70000.0
21	159.91	59.955	23.738	47.997	0.391	0.785	40000.0
22	159.702	60.076	23.822	48.042	0.395	0.784	40000.0
23	160.523	60.076	23.856	48.015	0.39	0.786	50000.0
24	160.929	60.259	23.973	48.498	0.396	0.78	40000.0
25	160.715	59.959	23.752	48.065	0.385	0.786	60000.0
26	161.847	60.412	23.934	48.434	0.396	0.78	40000.0
27	159.826	59.994	23.755	48.132	0.385	0.785	40000.0
28	160.875	59.627	23.911	47.975	0.388	0.786	40000.0
29	162.196	60.714	24.164	48.606	0.395	0.778	40000.0
30	162.026	60.221	24.127	48.395	0.387	0.783	60000.0
31	160.62	59.818	23.966	47.878	0.384	0.787	50000.0
32	160.223	59.661	23.71	47.699	0.391	0.787	60000.0
33	159.522	60.191	23.557	47.995	0.394	0.781	50000.0
34	158.659	60.176	23.769	48.288	0.392	0.784	40000.0
35	160.177	59.952	23.675	48.178	0.389	0.782	80000.0
36	159.718	60.217	23.817	47.977	0.396	0.784	40000.0
37	161.845	60.337	24.177	48.614	0.395	0.778	40000.0
38	160.747	59.881	24.0	47.85	0.386	0.787	70000.0
39	159.195	59.916	23.664	48.21	0.385	0.782	80000.0
40	160.82	60.631	23.796	48.294	0.395	0.784	30000.0
41	161.958	60.219	24.126	48.195	0.39	0.787	50000.0
42	161.273	60.993	24.006	48.693	0.403	0.777	40000.0
43	160.643	60.425	23.753	48.241	0.395	0.783	90000.0
44	160.858	59.819	23.57	47.775	0.386	0.786	50000.0
45	158.848	59.831	23.427	47.793	0.392	0.786	90000.0
46	160.578	60.455	23.801	48.178	0.397	0.782	70000.0
47	162.032	60.468	24.22	48.676	0.396	0.78	30000.0
48	159.557	59.888	23.737	47.977	0.388	0.784	40000.0
49	158.747	60.007	23.492	48.054	0.391	0.782	50000.0
50	161.913	60.636	24.285	48.964	0.401	0.772	30000.0
51	160.92	59.989	23.74	47.926	0.388	0.787	60000.0
52	162.388	60.89	24.13	48.975	0.399	0.774	40000.0
53	160.543	59.743	24.028	48.327	0.387	0.784	50000.0
54	161.274	59.987	24.222	48.202	0.391	0.785	40000.0
55	161.245	61.076	23.89	48.501	0.398	0.78	50000.0
56	158.538	60.008	23.396	47.905	0.393	0.784	90000.0
57	158.961	59.735	23.722	48.069	0.394	0.78	50000.0
58	160.534	60.409	23.827	48.577	0.396	0.777	40000.0
59	161.482	60.431	24.182	48.972	0.391	0.777	30000.0
60	159.912	60.454	23.837	48.319	0.397	0.782	30000.0
61	161.773	60.447	23.984	48.19	0.394	0.785	40000.0
62	158.346	60.027	23.45	47.867	0.393	0.785	70000.0
63	160.822	60.303	23.994	48.324	0.395	0.782	40000.0
64	162.01	60.912	23.936	48.434	0.399	0.783	60000.0
65	159.57	60.397	23.864	48.417	0.397	0.78	40000.0
66	159.767	60.205	23.834	48.005	0.392	0.784	40000.0
67	162.521	60.98	24.108	48.515	0.401	0.779	30000.0
68	160.328	60.49	24.029	48.461	0.396	0.778	50000.0
69	158.995	60.808	23.57	48.304	0.406	0.778	50000.0
70	160.378	60.845	23.692	48.424	0.399	0.778	50000.0
71	160.31	60.652	23.746	48.178	0.397	0.781	90000.0
72	159.946	60.234	23.984	48.243	0.393	0.786	30000.0
73	159.683	60.346	23.815	48.334	0.392	0.783	70000.0
74	159.942	60.927	23.704	48.495	0.399	0.776	40000.0
75	161.18	60.291	23.937	48.622	0.395	0.777	70000.0
76	158.39	59.426	23.559	47.742	0.39	0.785	40000.0
77	161.999	60.864	24.207	48.759	0.399	0.781	60000.0
78	160.289	60.28	23.623	47.943	0.395	0.784	50000.0
79	160.719	60.051	23.667	48.111	0.389	0.783	50000.0
80	159.794	59.464	23.856	47.781	0.387	0.786	50000.0
81	159.647	59.899	23.455	47.565	0.387	0.788	30000.0
82	160.812	60.733	23.904	48.487	0.395	0.78	40000.0
83	162.351	61.098	24.354	48.761	0.403	0.781	90000.0
84	160.191	59.778	23.791	47.78	0.387	0.787	30000.0
85	159.899	60.268	23.757	48.054	0.395	0.783	20000.0
86	161.624	60.488	24.024	48.452	0.396	0.781	40000.0
87	159.597	59.067	23.944	47.741	0.38	0.789	30000.0
88	158.289	59.688	23.758	47.908	0.393	0.786	40000.0
89	160.425	60.032	23.826	48.17	0.391	0.784	40000.0
90	160.281	60.311	23.842	48.089	0.394	0.783	30000.0
91	158.381	59.432	23.519	47.783	0.386	0.785	80000.0
92	158.95	60.319	23.267	47.691	0.392	0.787	40000.0
93	161.542	60.218	23.897	48.31	0.393	0.781	50000.0
94	158.504	60.045	23.444	48.051	0.392	0.782	40000.0
95	159.941	60.211	23.762	47.973	0.395	0.784	50000.0
96	160.022	60.046	23.785	48.098	0.393	0.782	50000.0
97	157.855	59.2	23.286	47.117	0.384	0.794	30000.0
98	159.433	60.281	23.791	48.409	0.392	0.781	60000.0
99	161.129	60.699	23.93	48.213	0.395	0.786	50000.0
100	160.754	60.684	23.858	48.546	0.393	0.777	60000.0
