MutationType	SBS96A	SBS96B	SBS96C	SBS96D	SBS96E	SBS96F	SBS96G	SBS96H
A[C>A]A	0.025493384335422888	0.026609079074114562	0.032904641604771995	0.01718234976134582	0.020028192203026266	0.011705199119169264	0.01826119503883092	0.02097881067451567
A[C>A]C	0.02099062896817486	0.03845693210139871	0.02856028437614441	0.025772809372974735	0.02647765749510654	0.017500972216948865	0.028988967398181558	0.013084503953464263
A[C>A]G	0.020183483206201346	0.021545805173227562	0.022070900575781708	0.015559099180063641	0.004869061385979876	0.005172196315834298	0.015768058942853713	0.010156781912862982
A[C>A]T	0.022272891079774128	0.025763192903250454	0.02655697832769661	0.007336673432328098	0.009469692564452998	0.00886953876586631	0.018973226376939465	0.005702241251555051
A[C>G]A	0.005035595008756317	0.003152739676937486	0.00625141293858178	0.009071920911453616	0.005361278354248497	0.0020088425709400325	0.004857451173823932	0.011057911208885116
A[C>G]C	0.00672455511370913	0.0036352192609697908	0.0032799692056174477	0.001833567202964872	9.799963848758253e-05	0.0	0.0038401837655023564	0.0028549741376985693
A[C>G]G	0.004272161164599453	0.002287551423271168	0.004192443390249707	0.00315719657869014	0.0013753878342961912	0.004342582073295489	0.0031704155311953032	0.0020598909637692133
A[C>G]T	0.003986083312158542	0.0029132387157335417	0.004743146569448129	0.0078056775038462065	0.004461606924124162	0.0	0.005342896865816016	0.004969498321532981
A[C>T]A	0.005401214103786458	0.007704389886348508	0.010870132629807756	0.011106269030289297	0.0038916089723352344	0.00894555171020329	0.004697178775015374	0.019049023592453692
A[C>T]C	0.0092765379906632	0.004696505998418274	0.00885825394871972	0.01224165285598886	0.008091186918790072	0.003294854307314381	0.005413397158980509	0.014742930478669791
A[C>T]G	0.0077099458884913475	0.0025043612741072253	0.0028425713921527273	0.011700068049200527	0.014908723660046235	0.004101295525615569	0.007621581808466369	0.040408469424537546
A[C>T]T	0.0030093125516948227	0.0025455372407765255	0.0038698814386915713	0.00588433080921078	0.004750877856043018	0.002966574467136525	0.005344649537343571	0.01114666488792949
A[T>A]A	0.005167855966127082	0.005296567288811502	0.004163019910281207	0.0020870652180895455	0.005172236609149081	0.004303016293561086	0.003018924365339899	0.0009722018298670321
A[T>A]C	0.005929791414951389	0.0014677928804991325	0.0032128835236719055	0.0043048200723733035	0.0011534917708196702	0.001007114873500541	0.00540820464492576	0.015112752129776084
A[T>A]G	0.00472350092837587	0.005366278855362907	0.008609974091643552	0.01195033641424061	0.007809914473314166	0.0051404990733135494	0.006910689581109466	0.010547452423488722
A[T>A]T	0.0037675462487936073	0.0040608993991762075	0.0024882143774431144	0.0027620800969963	0.0031896697846144663	0.003966313938726671	0.003456144039697193	0.0020174252776213562
A[T>C]A	0.006241865193244962	0.004922076702628076	0.006230151008392113	0.011154999652947594	0.00680182472569868	0.005379502432770095	0.008995596423046663	0.007891839386441859
A[T>C]C	0.002927778090620965	0.00031695325931927696	0.003238390010049983	0.004757418728734706	0.0005015433851017725	0.0010318518121164289	0.0028897681251538643	0.008202677971283379
A[T>C]G	0.004178401388760165	0.00727826668182388	0.008724647622730118	0.003942348906776232	0.00729208457749337	0.008630987093783914	0.005958631438552402	0.02113745482172817
A[T>C]T	0.0022326913851959417	0.0015005588363991506	0.005054290529024854	0.00884001755547068	0.004492077298997686	0.004890812858939171	0.003630891051728753	0.0123254980929282
A[T>G]A	0.0007745717106604033	0.0005232975769603954	0.0008177031195004503	0.00040504877967748596	2.5401779100349132e-05	0.0009922008948862527	0.0005590049509804906	0.0004221260856046527
A[T>G]C	0.0005007826731769871	0.00024110216897872406	0.00042423112548380717	0.0012212237072062049	0.001237040793709312	0.005679355434840545	0.0006779784969228686	0.0013441613348604874
A[T>G]G	0.0023043569913063777	0.0018799859059402024	0.005257093015621876	0.0029401575463611353	0.002592673201958178	0.0009725087968399748	0.0020925395275352087	0.003179182017535709
A[T>G]T	0.0007696633038526101	1.5892578457297192e-05	0.0007346021028865479	0.0005930455789168132	0.0013920952540296483	0.015594349172897638	0.0004590410535596234	0.0007863952421395482
C[C>A]A	0.06893453240394593	0.04953672911971808	0.05907403882592917	0.041974200229160485	0.03530035854550079	0.022181394621729852	0.05858458012342453	0.026107796541743937
C[C>A]C	0.08281157411634922	0.06700990293174983	0.05244906162843108	0.041301336032265684	0.03413888033479452	0.027174934688955547	0.06168308571213856	0.017412821877256873
C[C>A]G	0.01828214299166575	0.028095429581589997	0.020431247474625706	0.04104599619592633	0.021245908592827618	0.01115678196772933	0.031103724371641873	0.025352158860631562
C[C>A]T	0.05173607176169753	0.08549525696784258	0.029847707260394145	0.02339261830475863	0.025565379036124797	0.011251421824563295	0.052849310245364906	0.010097466986325515
C[C>G]A	0.008110784402460922	0.0034304852836498866	0.007515024445165181	0.013357819005935453	0.008256332516903058	0.0044239517755340785	0.00695420012405151	0.01970399685902521
C[C>G]C	0.004537305078329723	0.01513632133603096	0.006583428589391929	0.007319080906760078	0.006547604485115457	0.0020266740286024286	0.008000603186968647	0.004893119813289672
C[C>G]G	0.0036126566368471914	0.003909313730488435	0.0038591541578395904	0.00643115329434309	0.0036182167832972388	0.004582851876039058	0.0039455008030024885	0.0036988325221484074
C[C>G]T	0.007398271763041464	0.005893228480780976	0.010876319431459933	0.0044355729189903895	0.00667827952152038	0.0009941743495527078	0.004988644564719777	0.00325466448445191
C[C>T]A	0.023811375959485303	0.0126050308946418	0.01941683981242022	0.017855057665494767	0.02255896486032725	0.015859003253281115	0.01999663855647668	0.03319064859300852
C[C>T]C	0.02097987393639393	0.006847397065364476	0.019827579418197273	0.01229076071780355	0.018108451068401477	0.007492514007317368	0.012006650629919022	0.02245029033000379
C[C>T]G	0.015348990948677966	0.0034516884153708814	0.006503860747907311	0.013190530236023505	0.01962174278276507	0.004304543531470699	0.01570972952269585	0.0325569460692509
C[C>T]T	0.009721266553534353	0.016264115915400907	0.013621767128352075	0.020350339659460134	0.012233710878062994	0.01893056498840451	0.013681461183980694	0.014160592622840796
C[T>A]A	0.005039960093745322	0.0065122392546946625	0.005475183268539467	0.006049879345496905	0.008661988769308664	0.0029273488448234276	0.0048974104112542	0.008165365243237925
C[T>A]C	0.007981613601295977	0.009566141025861724	0.006405248651583406	0.012756043703478213	0.010076857625596175	0.010575661174952984	0.008849934525542266	0.009265057977059711
C[T>A]G	0.027262400900945068	0.03574983582831919	0.021417856374318943	0.023495686372816637	0.015856367591986782	0.019557204339653255	0.03124937164131552	0.013261819111846762
C[T>A]T	0.00686856107745065	0.005511465635211721	0.015205457271429168	0.008724405969834379	0.005896480365993284	0.01815172624774277	0.003373541027303588	0.007186473681011876
C[T>C]A	0.0028835114317383058	0.004776677525684363	0.004750810367666531	0.004651525553789497	0.0052340429849869	0.007387757990509272	0.005336814460606547	0.005094561540249743
C[T>C]C	0.002937855145554238	0.002736900717589208	0.0040758600824726135	0.0035163456490866453	0.007546886273377993	0.02528086317703128	0.004281849756940233	0.0038455584991858418
C[T>C]G	0.00649901274386707	0.008667750571814849	0.011645339409488429	0.008287569688600343	0.013137810220941902	0.013261311976239086	0.005067529248212565	0.012886119166360004
C[T>C]T	0.001878108991222845	0.002059263850956512	0.008458808575654756	0.0051804017845839215	0.0003071870566891732	0.03278326528146863	0.0023831630182046125	0.010518780826229382
C[T>G]A	0.00027625874515187833	0.0019222525309957562	0.0011216473503189307	0.0006314146153393096	1.0977119977439997e-07	4.786669478562544e-09	0.0009423961629923738	0.0006538621815601431
C[T>G]C	0.000565588382662412	0.0001898974548391763	0.001845107619105235	0.0011248318798470435	0.0014596626991362882	0.011320590297691524	0.00027965513235512774	0.004895426510669214
C[T>G]G	0.0044902064092028834	0.005918974522173101	0.003533021568651122	0.008037587927644268	0.00014517890544439636	0.005327168749645352	0.006699343048328501	0.005235415515227944
C[T>G]T	0.00031439480557708064	0.00019104337961096008	0.0020961751047964584	0.0008570521900971073	0.002616593968529912	0.07023421861231327	0.0001559223802424725	0.002070782968630738
G[C>A]A	0.03239837495028041	0.03397512488532811	0.03348475335747935	0.01864778672527336	0.017534764532465486	0.0132320198090747	0.025608468676218764	0.01016723313087482
G[C>A]C	0.035247268239036206	0.044151109354570506	0.030277517205104233	0.030846676695341843	0.013390107156010345	0.024781280355528	0.036163378776982426	0.0255668682185933
G[C>A]G	0.025046278999652713	0.017928319679340346	0.0128576755729555	0.03460144088663583	0.02477678661700338	0.011219200426712633	0.019154739361256362	0.017866909666319267
G[C>A]T	0.019805536370258777	0.031097689596936106	0.0249832184612751	0.022054442812222987	0.008794978790101595	0.014411717930343002	0.026336427484638988	0.01211232791963198
G[C>G]A	0.004614705043197773	0.008440852873123959	0.0026049242169391106	0.005780690570367355	0.006714205106538032	0.00423957754537696	0.005303249458244536	0.003670554445768194
G[C>G]C	0.0077555331902925675	0.012276856615208089	0.006406039711796563	0.005089004404237585	0.0016632961036265215	0.003168066494494042	0.0072198459518051546	0.006876949428671289
G[C>G]G	0.005624600145893055	0.008011129059194317	0.006052912752290069	0.004224497393409621	0.0009975396684083649	0.003420883390663221	0.008660988480489636	0.006226680027744314
G[C>G]T	0.0035532871152906863	0.004415673438962102	0.012666348759085864	0.004811961127219319	0.00608737801831225	0.004970382598694414	0.0030081285767889197	0.004271354602254007
G[C>T]A	0.005912375948401518	0.007280614863914252	0.008114927413880651	0.012058401185015555	0.02257867849431932	0.005664291887660511	0.0094766566599111	0.013333569337055451
G[C>T]C	0.00785282275697682	0.012926059002056718	0.005227285680321075	0.00882839175105552	0.015486534458070765	0.007790146662155166	0.010238399909358122	0.005701377281733358
G[C>T]G	0.00718314590441878	0.007445840512227733	0.008938858389640814	0.02968613640870899	0.026507550766691566	0.0033523060334846376	0.012773331363569014	0.025138682556227535
G[C>T]T	0.00822975177965418	0.00696830383312772	0.004457578468766599	0.012984235749613049	0.01576771747553721	0.0020366381177154835	0.009748518752278414	0.022121793348375718
G[T>A]A	0.00418425659305143	0.006098382798231796	0.009355052102287119	0.006974904184061898	0.0005326168049013091	0.008365521281957626	0.006900469147857393	0.007205541641845912
G[T>A]C	0.005903305235162932	0.002058267355263439	0.0027697009106363167	0.003875163889131965	0.003326415904364026	0.0030380202404921876	0.007870837810718284	0.005005919897359732
G[T>A]G	0.0058390131607615105	0.006570684226207959	0.013095260919390056	0.014014067323845154	0.00447732127167967	0.004175966673064977	0.007310269039766979	0.012669984739836125
G[T>A]T	0.0068781726343701164	0.0026006430869376373	0.004820340144544275	0.00205051166708067	9.698836981451464e-05	0.003524716072715819	0.0034620369204243673	0.0017990518554802293
G[T>C]A	0.006359491536004213	0.003753605779884204	0.004140684896864286	0.008542435914171165	0.004393355068826281	0.005721793828997761	0.003946094438183536	0.014317308233935932
G[T>C]C	0.0023501737393061715	0.0010249712930397693	0.005407828600855282	0.0028026454017345513	0.0006383590908444248	0.0034445488534402104	0.0019542021998697123	0.014038162461536103
G[T>C]G	0.004379775100615007	0.0034284401961485857	0.004986560403194744	0.007807029425094782	0.004467683546359851	0.004566094449255615	0.0052732325920928245	0.009020986686595905
G[T>C]T	0.0023555291172839077	0.002469000201554614	0.0016554445314440613	0.005721299303252394	0.0016661967291937208	0.004329419198911637	0.0029439702324419413	0.005453264329571681
G[T>G]A	0.0023117982687788086	0.0005223214541470611	0.0006338600284168194	0.0011934902237241297	0.00012093286381531954	1.0310024123327821e-09	0.0007739320826816432	0.0010389301551720108
G[T>G]C	0.00047502848627587466	0.0014553203226264344	0.00023197445468404966	0.0021015592077761624	0.0002197862680002771	0.0022029040451161564	0.0014241322343167796	0.0012978088633891882
G[T>G]G	0.0004002741542080912	0.004788225252315925	0.00039972460886822603	0.0017429045615310556	0.0023644549851260877	0.00227918628777843	0.002609113087928776	0.0014886490572612132
G[T>G]T	0.0010899186152674644	0.0017057169007554762	0.00026461039824791753	0.001659603491765864	0.00010567661456470034	0.016309166974388063	0.0014674303926268805	0.002286486323387038
T[C>A]A	0.04314797869883478	0.036439348771236835	0.029242139182169922	0.009805058333633739	0.019392702072941574	0.019655003221705557	0.031459958225023	0.012540054072962619
T[C>A]C	0.05844390006735921	0.0464040143089369	0.05275029750540852	0.03772150468515569	0.025748917954042553	0.022022641887888314	0.043772850185632706	0.03624265238177714
T[C>A]G	0.0051413567359509214	0.014311888752633877	0.01222039935968258	0.0077140770662585114	0.010534771279781125	0.002127900761552155	0.011642085642670282	0.00740752052472061
T[C>A]T	0.030719614210538565	0.040588031765073536	0.02564092319458723	0.030586123743560165	0.02760481266770512	0.01353979174979031	0.0359082711301744	0.017319564977365046
T[C>G]A	0.011059213088766739	0.0036604017417818115	0.006335199292212366	0.007175735761144608	0.049873560387641194	0.00482890958286589	0.007473908780935119	0.0036446423687247174
T[C>G]C	0.009621591490660109	0.005509466894352926	0.011674106870925413	0.010051480457018584	0.017823908585123716	0.004157811745535582	0.009540228807600215	0.007577117623517324
T[C>G]G	0.004983455092432792	0.00123973471819383	0.0021395200693935124	0.0025922609460272738	0.0004916282872471811	4.086317417772989e-09	0.005336079405809535	0.004533982052089413
T[C>G]T	0.00850238520772411	0.00786700626311358	0.020805910718898417	0.012196457466896788	0.045714240912348034	0.0045649897208204495	0.01125711371780767	0.01619401321438943
T[C>T]A	0.014330540322116576	0.006837767295946833	0.01672694266403141	0.028417989015579223	0.07185682117938995	0.08372160844504833	0.02273207135964185	0.016839837834704666
T[C>T]C	0.014692252901149915	0.00705525266341283	0.015966938675846906	0.020181987654068506	0.03152985687367618	0.035373589340597394	0.015518005338963121	0.02305212398059666
T[C>T]G	0.0040098485932685436	0.006141767395893112	0.009904928587493486	0.01641024325741455	0.01828479925636202	0.008474037817213684	0.011164628833506711	0.027196640667971225
T[C>T]T	0.005869078561663628	0.01342240508820396	0.016075196532765405	0.021956849172711373	0.04831162586808205	0.06024634189903736	0.01425640375353396	0.012169010732538937
T[T>A]A	0.002313832204813888	0.0012095568414565605	0.005247882350321404	0.003912081253483848	0.0014664491725368478	0.0030731062649283557	0.00217744898046206	0.00745365189153361
T[T>A]C	0.004546160017009697	0.003331486261191756	0.0022397102152073955	0.0033123913630624456	0.006591722852755879	0.006504837906686589	0.00493556625930701	0.002182895792208228
T[T>A]G	0.006366672523286994	0.0026890642051651172	0.011113871653778631	0.006762355357908945	0.002153220869074879	0.00627543440205045	0.005735251629517109	0.014044039838695425
T[T>A]T	0.004708257238913447	0.003801234479958566	0.0014300056830461427	0.0022057781750806056	0.0001841085055795233	0.006812566648004576	0.004719167324142149	0.003756027327900071
T[T>C]A	0.0028765715172207073	0.0027778838101265536	0.0040554334764237865	0.004362126984434198	0.0003478921433469395	0.00497588197235018	0.004491150352558364	0.0045983058877260416
T[T>C]C	0.0010680595859430752	0.00048238590732770705	0.0025086720744160475	0.005919948665882373	0.0014348821175783311	0.007801824822090566	0.0022270198935909137	0.006359115914934721
T[T>C]G	0.0009768198194439748	0.006712310162324115	0.0018279458456219898	0.0024109352745212576	0.003979596969782051	0.007224130474496633	0.0027926771666129113	0.0017465904376576446
T[T>C]T	0.0017361221671705796	0.0003013497625134676	0.00543411295477668	0.0024660928303077557	0.00012428663437667354	0.004649786414811388	0.0013578845039503972	0.006281542322933262
T[T>G]A	1.8231276608542402e-05	3.972018429614366e-05	0.00011221820706270868	0.0008727354489439598	0.0019549503985066964	0.003392859068699181	0.00033322759410862933	0.0002905146108111012
T[T>G]C	0.0015230056590242568	0.0005192438050210768	0.0009504190368133791	0.0014754421400017658	4.6268086599159374e-05	0.006600457956083119	0.0007043510046482293	0.0004210080719363418
T[T>G]G	0.0010792149903802617	0.0010071015676403406	0.0015709817890697765	0.002447404227028169	0.00046795586086297193	0.005250135996611789	0.0009265405792611637	0.002517229326390975
T[T>G]T	0.00035849331460998003	9.686241778013167e-05	0.00020080418845566328	0.0010762770219856321	0.0011153621693514282	0.04880043718963861	0.0005525599539087978	0.0008460998964957867
