MutationType	DBS78A	DBS78B	DBS78C	DBS78D
AC>CA	0.0016375375222679623	0.005876587499600916	0.011217289288805433	0.006812128130173392
AC>CG	1.2942835646754246e-05	1.4620697838836349e-05	1.6191058884942324e-05	1.9372870674487786e-05
AC>CT	0.0017015525159590084	0.0032409690583578054	0.0044051931033970955	0.006001415579229388
AC>GA	0.0007368405127658661	0.0046601081469282235	0.004080863113067323	0.0023394772341498535
AC>GG	1.2942835646754246e-05	1.4620697838836349e-05	1.6191058884942324e-05	1.9372870674487786e-05
AC>GT	1.2942835646754246e-05	1.4620697838836349e-05	1.6191058884942324e-05	1.9372870674487786e-05
AC>TA	0.00039423936115809963	0.006376318924565112	0.00965041938736931	0.006042084444218289
AC>TG	1.2942835646754246e-05	1.4620697838836349e-05	1.6191058884942324e-05	1.9372870674487786e-05
AC>TT	0.00030693856878542645	0.00608318394239717	0.004841984854108432	0.00265296648201911
AT>CA	1.2942835646754246e-05	1.4620697838836349e-05	1.6191058884942324e-05	1.9372870674487786e-05
AT>CC	1.2942835646754246e-05	1.4620697838836349e-05	1.6191058884942324e-05	1.9372870674487786e-05
AT>CG	1.2942835646754246e-05	1.4620697838836349e-05	1.6191058884942324e-05	1.9372870674487786e-05
AT>GA	0.0004741036893847195	0.00346253834827138	0.0024354094098430323	0.0019054300907009748
AT>GC	1.2942835646754246e-05	1.4620697838836349e-05	1.6191058884942324e-05	1.9372870674487786e-05
AT>TA	1.2942835646754246e-05	1.4620697838836349e-05	1.6191058884942324e-05	1.9372870674487786e-05
CC>AA	0.8751888728141785	0.07949251815909184	0.07786620130057458	0.015333317929004124
CC>AG	0.006369155376978341	0.004443671159767888	0.0011830923933422383	0.33884078620801117
CC>AT	0.008963151781327443	0.2542134177952857	0.010798396192079913	0.06901250431243518
CC>GA	0.0067918788244969615	0.03909051582664119	0.02636078934749264	0.030304067681125844
CC>GG	0.002247660158556073	0.007978342325726046	0.013080113373599503	0.012213030497432555
CC>GT	0.0008532545417381243	0.006775330988170652	0.009192622769382978	0.006775439246131327
CC>TA	0.0016902969633170884	0.025489595498428913	0.019822410104874847	0.021402824365701463
CC>TG	0.002773398265158562	0.00940928405447778	0.014465460221419448	0.01275542282489198
CC>TT	0.004197905634853285	0.055494608544864266	0.03561455040015289	0.038093662684078995
CG>AT	0.0005851436607567706	0.006282249725759073	0.004569244254319642	0.004691712426881623
CG>GC	0.000459176963495338	0.001024161104221548	0.001019469848062755	0.004859669453378501
CG>GT	0.002124624110110744	0.006497466263997041	0.014262776951389783	0.006835636345710157
CG>TA	1.2942835646754246e-05	1.4620697838836349e-05	1.6191058884942324e-05	1.9372870674487786e-05
CG>TC	0.01050445042147203	0.016398622341067152	0.007823893233161244	0.005707336912308562
CG>TT	0.0025938276153497954	0.0521553958977313	0.096216784191942	0.02427862758391452
CT>AA	0.004902723173870891	0.037566195443717185	0.05156550609840835	0.06072817465939579
CT>AC	0.00032938855885277006	0.002755627989755567	0.003450941638009226	0.0014172626302251957
CT>AG	0.0034232439341053576	0.004140319247011348	0.006351227903296959	0.014336036185994772
CT>GA	0.00020486094687043987	0.0033390361476881483	0.0018634789997713597	0.0024497616230723905
CT>GC	1.2942835646754246e-05	1.4620697838836349e-05	1.6191058884942324e-05	1.9372870674487786e-05
CT>GG	0.0001800877975711046	0.002250209459784571	0.004488362593108377	0.002017754597654857
CT>TA	0.002270310517760947	0.017207810204201337	0.03609174889403032	0.0184901656584708
CT>TC	1.2942835646754246e-05	1.4620697838836349e-05	1.6191058884942324e-05	1.9372870674487786e-05
CT>TG	0.0006775204237476373	0.005367756175555769	0.010584306012015076	0.00667702009508929
GC>AA	0.00259327838665655	0.08235072693519668	0.03519266512190267	0.04076034544997685
GC>AG	0.0019880976568666144	0.01014994129345837	0.017730942961251158	0.007755989045153911
GC>AT	0.0012788795271359277	0.005991564601428081	0.0076990169625503315	0.005425024833587031
GC>CA	0.007714134487030151	0.010862139731803494	0.007618913162646379	0.006660021340055664
GC>CG	1.2942835646754246e-05	1.4620697838836349e-05	1.6191058884942324e-05	1.9372870674487786e-05
GC>TA	0.0009013235169436485	0.0011949565930365225	0.0019952514178351068	0.0026249336372893596
TA>AT	0.0006414093309285817	0.0029219624425292066	0.003022213231577098	0.0018502401771820587
TA>CG	1.2942835646754246e-05	1.4620697838836349e-05	1.6191058884942324e-05	1.9372870674487786e-05
TA>CT	0.0002503137425856039	0.0021294869884502534	0.0036015761361841213	0.0018359092966238678
TA>GC	1.2942835646754246e-05	1.4620697838836349e-05	1.6191058884942324e-05	1.9372870674487786e-05
TA>GG	1.2942835646754246e-05	1.4620697838836349e-05	1.6191058884942324e-05	1.9372870674487786e-05
TA>GT	0.0009404582854858746	0.004954617595319633	0.0052907156747618615	0.003243063767914123
TC>AA	0.004250497540745957	0.037815055227297535	0.06452990756494273	0.03173363248070388
TC>AG	0.002682549412580215	0.007815449376610105	0.007053061694829523	0.007527396329038538
TC>AT	0.001990508729049907	0.006354618522444042	0.015278620867384234	0.006445370275849882
TC>CA	0.0004484314284665558	0.006247403678511319	0.01126763391677798	0.01587129828318666
TC>CG	1.2942835646754246e-05	1.4620697838836349e-05	1.6191058884942324e-05	1.9372870674487786e-05
TC>CT	0.0028907446178396867	0.01084118146940309	0.013622877158651648	0.00977685937492005
TC>GA	0.00036637829582105043	0.0025608324030361018	0.0034296166372280367	0.001054702873939277
TC>GG	0.0002542267640819773	0.0034587862551688888	0.0013653812851657677	0.0032614033418985854
TC>GT	0.0015259037056466695	0.002170666771174865	0.0007554021675078814	0.00022243093048018636
TG>AA	0.0016756645293260419	0.020876603131176844	0.02332857487217609	0.023140536618313945
TG>AC	0.00031363867182790275	0.0018408764197704386	0.003799878425047609	0.0022113000671868123
TG>AT	0.0030595982403884394	0.049232865512068145	0.051473281634889075	0.030412099877077894
TG>CA	0.00029192861667070246	0.0020607035221598836	0.004349862102762927	0.0012166975252102929
TG>CC	1.2942835646754246e-05	1.4620697838836349e-05	1.6191058884942324e-05	1.9372870674487786e-05
TG>CT	0.005710958589686612	0.022562247731183333	0.20198410827481098	0.03680827702184979
TG>GA	0.000512279535696507	0.006007975931194664	0.00536125662928157	0.009940931799377495
TG>GC	1.2942835646754246e-05	1.4620697838836349e-05	1.6191058884942324e-05	1.9372870674487786e-05
TG>GT	0.009253638661080003	0.005952413341813716	0.007262801153606091	0.007061609949430476
TT>AA	0.003759254024516849	0.009452337260538285	0.006784209159822013	0.008746610886318536
TT>AC	0.000491549991793363	0.006602448702594188	0.004695764353481877	0.003548602231620066
TT>AG	0.0002123761128791557	0.002749148806321955	0.0012101807027988798	0.002246698266067142
TT>CA	0.0007881001572764035	0.005565565471212608	0.0038773787424975126	0.0030675963966996277
TT>CC	1.2942835646754246e-05	1.4620697838836349e-05	1.6191058884942324e-05	1.9372870674487786e-05
TT>CG	1.2942835646754246e-05	1.4620697838836349e-05	1.6191058884942324e-05	1.9372870674487786e-05
TT>GA	0.00033408457444465965	0.001869330480121789	0.0027439637459076493	0.0021311289220921027
TT>GC	1.2942835719513823e-05	1.4620697820646455e-05	1.6191058903132217e-05	1.9372870619918105e-05
TT>GG	1.2942835719513823e-05	1.4620697820646455e-05	1.6191058903132217e-05	1.9372870619918105e-05
