MutationType	DBS78A	DBS78B	DBS78C	DBS78D
AC>CA	4.15E-04	1.31E-03	1.62E-03	1.47E-03
AC>CG	1.21E-07	3.83E-07	3.60E-07	3.24E-07
AC>CT	3.36E-04	9.44E-04	1.12E-03	9.91E-04
AC>GA	1.77E-04	9.78E-04	8.51E-04	7.27E-04
AC>GG	1.21E-07	3.83E-07	3.60E-07	3.24E-07
AC>GT	1.21E-07	3.83E-07	3.60E-07	3.24E-07
AC>TA	1.58E-04	1.07E-03	1.52E-03	1.08E-03
AC>TG	1.21E-07	3.83E-07	3.60E-07	3.24E-07
AC>TT	1.45E-04	9.25E-04	9.52E-04	5.96E-04
AT>CA	1.21E-07	3.83E-07	3.60E-07	3.24E-07
AT>CC	1.21E-07	3.83E-07	3.60E-07	3.24E-07
AT>CG	1.21E-07	3.83E-07	3.60E-07	3.24E-07
AT>GA	1.31E-04	7.87E-04	5.46E-04	5.19E-04
AT>GC	1.21E-07	3.83E-07	3.60E-07	3.24E-07
AT>TA	1.21E-07	3.83E-07	3.60E-07	3.24E-07
CC>AA	7.12E-03	1.65E-02	1.51E-02	6.24E-03
CC>AG	2.66E-03	2.07E-03	1.17E-03	1.12E-02
CC>AT	2.85E-03	1.65E-02	3.84E-03	1.18E-02
CC>GA	1.38E-03	5.50E-03	5.02E-03	4.96E-03
CC>GG	5.37E-04	1.52E-03	2.15E-03	1.94E-03
CC>GT	3.34E-04	1.18E-03	1.54E-03	1.27E-03
CC>TA	5.99E-04	3.60E-03	3.91E-03	3.28E-03
CC>TG	5.28E-04	1.96E-03	2.28E-03	2.40E-03
CC>TT	1.18E-03	6.99E-03	6.73E-03	6.18E-03
CG>AT	1.60E-04	1.04E-03	9.08E-04	8.96E-04
CG>GC	1.42E-04	4.66E-04	4.19E-04	7.42E-04
CG>GT	4.34E-04	1.56E-03	2.04E-03	1.37E-03
CG>TA	1.21E-07	3.83E-07	3.60E-07	3.24E-07
CG>TC	1.29E-03	2.57E-03	2.48E-03	1.54E-03
CG>TT	1.03E-03	7.69E-03	9.79E-03	5.94E-03
CT>AA	1.39E-03	6.93E-03	8.27E-03	8.12E-03
CT>AC	1.19E-04	6.44E-04	6.53E-04	4.00E-04
CT>AG	5.68E-04	1.08E-03	1.88E-03	2.12E-03
CT>GA	1.07E-04	5.32E-04	5.19E-04	5.05E-04
CT>GC	1.21E-07	3.83E-07	3.60E-07	3.24E-07
CT>GG	1.10E-04	5.88E-04	8.43E-04	5.14E-04
CT>TA	7.33E-04	3.11E-03	4.32E-03	3.51E-03
CT>TC	1.21E-07	3.83E-07	3.60E-07	3.24E-07
CT>TG	1.97E-04	1.02E-03	1.45E-03	1.29E-03
GC>AA	1.20E-03	8.60E-03	6.91E-03	7.06E-03
GC>AG	5.02E-04	2.11E-03	2.48E-03	1.73E-03
GC>AT	3.87E-04	1.01E-03	1.46E-03	1.27E-03
GC>CA	7.42E-04	1.85E-03	1.98E-03	1.85E-03
GC>CG	1.21E-07	3.83E-07	3.60E-07	3.24E-07
GC>TA	1.78E-04	4.50E-04	5.30E-04	6.68E-04
TA>AT	2.12E-04	7.34E-04	6.49E-04	4.86E-04
TA>CG	1.21E-07	3.83E-07	3.60E-07	3.24E-07
TA>CT	8.59E-05	4.95E-04	7.20E-04	8.49E-04
TA>GC	1.21E-07	3.83E-07	3.60E-07	3.24E-07
TA>GG	1.21E-07	3.83E-07	3.60E-07	3.24E-07
TA>GT	2.33E-04	8.78E-04	8.45E-04	6.22E-04
TC>AA	1.51E-03	7.12E-03	7.46E-03	6.00E-03
TC>AG	4.38E-04	1.66E-03	1.27E-03	1.56E-03
TC>AT	4.19E-04	1.43E-03	1.88E-03	1.52E-03
TC>CA	1.65E-04	1.38E-03	1.94E-03	1.93E-03
TC>CG	1.21E-07	3.83E-07	3.60E-07	3.24E-07
TC>CT	5.49E-04	2.10E-03	2.21E-03	1.92E-03
TC>GA	1.20E-04	5.51E-04	7.35E-04	4.16E-04
TC>GG	1.18E-04	8.14E-04	3.93E-04	6.98E-04
TC>GT	2.52E-04	5.89E-04	3.59E-04	1.49E-04
TG>AA	6.26E-04	3.35E-03	3.73E-03	3.40E-03
TG>AC	1.25E-04	5.34E-04	7.54E-04	5.39E-04
TG>AT	1.03E-03	6.52E-03	7.09E-03	5.72E-03
TG>CA	1.01E-04	5.83E-04	7.01E-04	4.67E-04
TG>CC	1.21E-07	3.83E-07	3.60E-07	3.24E-07
TG>CT	1.95E-03	5.78E-03	1.39E-02	7.66E-03
TG>GA	1.42E-04	1.18E-03	1.21E-03	1.37E-03
TG>GC	1.21E-07	3.83E-07	3.60E-07	3.24E-07
TG>GT	1.12E-03	1.95E-03	2.09E-03	1.71E-03
TT>AA	5.58E-04	1.80E-03	1.59E-03	1.64E-03
TT>AC	1.82E-04	1.08E-03	9.60E-04	8.70E-04
TT>AG	9.83E-05	5.79E-04	3.79E-04	4.72E-04
TT>CA	1.92E-04	8.66E-04	9.10E-04	6.98E-04
TT>CC	1.21E-07	3.83E-07	3.60E-07	3.24E-07
TT>CG	1.21E-07	3.83E-07	3.60E-07	3.24E-07
TT>GA	1.05E-04	4.98E-04	6.01E-04	5.87E-04
TT>GC	1.21E-07	3.83E-07	3.60E-07	3.24E-07
TT>GG	1.21E-07	3.83E-07	3.60E-07	3.24E-07
