MutationType	DBS78A	DBS78B	DBS78C	DBS78D	DBS78E	DBS78F	DBS78G
AC>CA	4.15E-07	4.89E-07	4.67E-07	5.99E-07	6.17E-07	3.97E-07	5.24E-07
AC>CG	4.15E-07	4.89E-07	4.67E-07	5.99E-07	6.17E-07	3.97E-07	5.24E-07
AC>CT	4.15E-07	4.89E-07	4.67E-07	5.99E-07	6.17E-07	3.97E-07	5.24E-07
AC>GA	4.15E-07	4.89E-07	4.67E-07	5.99E-07	6.17E-07	3.97E-07	5.24E-07
AC>GG	4.15E-07	4.89E-07	4.67E-07	5.99E-07	6.17E-07	3.97E-07	5.24E-07
AC>GT	4.15E-07	4.89E-07	4.67E-07	5.99E-07	6.17E-07	3.97E-07	5.24E-07
AC>TA	5.48E-03	7.85E-04	3.43E-03	1.04E-03	7.33E-07	3.84E-03	2.41E-03
AC>TG	4.15E-07	4.89E-07	4.67E-07	5.99E-07	6.17E-07	3.97E-07	5.24E-07
AC>TT	8.59E-07	1.02E-03	2.22E-03	4.24E-03	3.20E-03	8.32E-04	5.90E-03
AT>CA	4.15E-07	4.89E-07	4.67E-07	5.99E-07	6.17E-07	3.97E-07	5.24E-07
AT>CC	4.15E-07	4.89E-07	4.67E-07	5.99E-07	6.17E-07	3.97E-07	5.24E-07
AT>CG	4.15E-07	4.89E-07	4.67E-07	5.99E-07	6.17E-07	3.97E-07	5.24E-07
AT>GA	4.15E-07	4.89E-07	4.67E-07	5.99E-07	6.17E-07	3.97E-07	5.24E-07
AT>GC	4.15E-07	4.89E-07	4.67E-07	5.99E-07	6.17E-07	3.97E-07	5.24E-07
AT>TA	1.38E-03	6.75E-03	5.74E-03	1.75E-03	3.21E-03	4.77E-03	5.18E-03
CC>AA	2.31E-02	2.68E-02	2.04E-02	2.23E-02	2.06E-02	2.86E-03	2.94E-02
CC>AG	7.09E-03	6.66E-03	1.70E-02	3.14E-03	3.24E-03	6.50E-03	4.99E-03
CC>AT	2.80E-03	6.41E-03	1.47E-03	8.60E-03	1.98E-02	2.21E-03	8.10E-03
CC>GA	7.14E-03	2.06E-03	5.35E-03	9.09E-03	9.56E-03	5.60E-03	2.24E-03
CC>GG	4.15E-07	4.89E-07	4.67E-07	5.99E-07	6.17E-07	3.97E-07	5.24E-07
CC>GT	4.97E-03	1.95E-03	1.32E-03	2.54E-03	7.68E-07	3.81E-03	2.71E-04
CC>TA	3.12E-03	9.36E-03	3.38E-03	8.56E-03	6.90E-03	4.85E-03	3.85E-03
CC>TG	4.15E-07	4.89E-07	4.67E-07	5.99E-07	6.17E-07	3.97E-07	5.24E-07
CC>TT	3.83E-03	4.66E-03	7.70E-03	2.37E-03	2.60E-03	2.07E-02	9.40E-03
CG>AT	1.81E-03	5.93E-03	6.03E-03	5.55E-03	3.54E-03	5.28E-03	2.60E-03
CG>GC	5.06E-07	2.87E-03	7.60E-04	6.92E-07	3.45E-03	1.32E-02	7.42E-07
CG>GT	2.71E-03	2.82E-03	2.19E-03	3.24E-03	5.67E-03	5.18E-03	8.22E-03
CG>TA	4.15E-07	4.89E-07	4.67E-07	5.99E-07	6.17E-07	3.97E-07	5.24E-07
CG>TC	4.15E-07	4.89E-07	4.67E-07	5.99E-07	6.17E-07	3.97E-07	5.24E-07
CG>TT	1.09E-02	2.70E-03	4.90E-03	1.36E-02	8.63E-03	7.70E-03	4.71E-03
CT>AA	1.27E-03	5.18E-03	1.25E-03	1.83E-02	8.53E-03	2.19E-03	4.50E-03
CT>AC	4.15E-07	4.89E-07	4.67E-07	5.99E-07	6.17E-07	3.97E-07	5.24E-07
CT>AG	1.65E-03	1.37E-02	7.67E-03	2.75E-03	5.78E-03	7.42E-03	2.16E-03
CT>GA	4.15E-07	4.89E-07	4.67E-07	5.99E-07	6.17E-07	3.97E-07	5.24E-07
CT>GC	4.15E-07	4.89E-07	4.67E-07	5.99E-07	6.17E-07	3.97E-07	5.24E-07
CT>GG	4.15E-07	4.89E-07	4.67E-07	5.99E-07	6.17E-07	3.97E-07	5.24E-07
CT>TA	3.62E-03	1.52E-03	4.24E-03	5.15E-04	9.54E-04	1.49E-02	2.17E-03
CT>TC	4.15E-07	4.89E-07	4.67E-07	5.99E-07	6.17E-07	3.97E-07	5.24E-07
CT>TG	4.15E-07	4.89E-07	4.67E-07	5.99E-07	6.17E-07	3.97E-07	5.24E-07
GC>AA	1.00E-03	3.87E-03	8.50E-03	3.71E-03	9.57E-03	1.06E-02	2.13E-02
GC>AG	4.15E-07	4.89E-07	4.67E-07	5.99E-07	6.17E-07	3.97E-07	5.24E-07
GC>AT	4.15E-07	4.89E-07	4.67E-07	5.99E-07	6.17E-07	3.97E-07	5.24E-07
GC>CA	1.12E-03	2.18E-03	3.33E-03	5.65E-03	3.41E-03	2.65E-03	1.44E-03
GC>CG	4.15E-07	4.89E-07	4.67E-07	5.99E-07	6.17E-07	3.97E-07	5.24E-07
GC>TA	4.15E-07	4.89E-07	4.67E-07	5.99E-07	6.17E-07	3.97E-07	5.24E-07
TA>AT	4.15E-07	4.89E-07	4.67E-07	5.99E-07	6.17E-07	3.97E-07	5.24E-07
TA>CG	4.15E-07	4.89E-07	4.67E-07	5.99E-07	6.17E-07	3.97E-07	5.24E-07
TA>CT	4.15E-07	4.89E-07	4.67E-07	5.99E-07	6.17E-07	3.97E-07	5.24E-07
TA>GC	4.15E-07	4.89E-07	4.67E-07	5.99E-07	6.17E-07	3.97E-07	5.24E-07
TA>GG	4.15E-07	4.89E-07	4.67E-07	5.99E-07	6.17E-07	3.97E-07	5.24E-07
TA>GT	4.15E-07	4.89E-07	4.67E-07	5.99E-07	6.17E-07	3.97E-07	5.24E-07
TC>AA	7.09E-03	3.63E-03	2.83E-03	5.34E-03	6.51E-03	2.17E-03	3.72E-03
TC>AG	4.82E-03	2.25E-03	2.42E-03	3.17E-03	7.81E-07	2.84E-03	2.71E-04
TC>AT	3.02E-03	2.53E-03	8.10E-03	7.03E-03	7.96E-04	4.92E-03	3.86E-03
TC>CA	1.12E-03	6.54E-03	5.59E-03	2.80E-03	4.47E-03	4.99E-03	1.46E-03
TC>CG	4.15E-07	4.89E-07	4.67E-07	5.99E-07	6.17E-07	3.97E-07	5.24E-07
TC>CT	3.01E-03	2.40E-03	1.52E-03	5.50E-03	3.24E-03	2.20E-03	4.98E-03
TC>GA	4.15E-07	4.89E-07	4.67E-07	5.99E-07	6.17E-07	3.97E-07	5.24E-07
TC>GG	4.15E-07	4.89E-07	4.67E-07	5.99E-07	6.17E-07	3.97E-07	5.24E-07
TC>GT	4.15E-07	4.89E-07	4.67E-07	5.99E-07	6.17E-07	3.97E-07	5.24E-07
TG>AA	1.62E-03	4.12E-03	4.13E-03	1.23E-02	1.19E-02	7.34E-03	9.28E-03
TG>AC	4.15E-07	4.89E-07	4.67E-07	5.99E-07	6.17E-07	3.97E-07	5.24E-07
TG>AT	3.47E-03	5.89E-03	3.52E-03	1.90E-03	2.74E-03	1.49E-02	4.57E-03
TG>CA	4.15E-07	4.89E-07	4.67E-07	5.99E-07	6.17E-07	3.97E-07	5.24E-07
TG>CC	4.15E-07	4.89E-07	4.67E-07	5.99E-07	6.17E-07	3.97E-07	5.24E-07
TG>CT	1.72E-03	1.35E-02	4.65E-03	8.46E-03	6.95E-03	6.18E-03	3.50E-03
TG>GA	4.15E-07	4.89E-07	4.67E-07	5.99E-07	6.17E-07	3.97E-07	5.24E-07
TG>GC	4.15E-07	4.89E-07	4.67E-07	5.99E-07	6.17E-07	3.97E-07	5.24E-07
TG>GT	4.15E-07	4.89E-07	4.67E-07	5.99E-07	6.17E-07	3.97E-07	5.24E-07
TT>AA	4.15E-07	4.89E-07	4.67E-07	5.99E-07	6.17E-07	3.97E-07	5.24E-07
TT>AC	4.15E-07	4.89E-07	4.67E-07	5.99E-07	6.17E-07	3.97E-07	5.24E-07
TT>AG	1.23E-03	3.56E-03	2.76E-03	3.43E-03	2.13E-03	9.99E-04	2.16E-03
TT>CA	4.15E-07	4.89E-07	4.67E-07	5.99E-07	6.17E-07	3.97E-07	5.24E-07
TT>CC	4.15E-07	4.89E-07	4.67E-07	5.99E-07	6.17E-07	3.97E-07	5.24E-07
TT>CG	4.15E-07	4.89E-07	4.67E-07	5.99E-07	6.17E-07	3.97E-07	5.24E-07
TT>GA	4.15E-07	4.89E-07	4.67E-07	5.99E-07	6.17E-07	3.97E-07	5.24E-07
TT>GC	4.15E-07	4.89E-07	4.67E-07	5.99E-07	6.17E-07	3.97E-07	5.24E-07
TT>GG	4.15E-07	4.89E-07	4.67E-07	5.99E-07	6.17E-07	3.97E-07	5.24E-07
