MutationType	DBS78A	DBS78B	DBS78C	DBS78D	DBS78E	DBS78F	DBS78G	DBS78H
AC>CA	4.46E-07	4.97E-07	4.38E-07	7.89E-07	5.07E-07	7.68E-07	7.51E-07	4.62E-07
AC>CG	4.46E-07	4.97E-07	4.38E-07	7.89E-07	5.07E-07	7.68E-07	7.51E-07	4.62E-07
AC>CT	4.46E-07	4.97E-07	4.38E-07	7.89E-07	5.07E-07	7.68E-07	7.51E-07	4.62E-07
AC>GA	4.46E-07	4.97E-07	4.38E-07	7.89E-07	5.07E-07	7.68E-07	7.51E-07	4.62E-07
AC>GG	4.46E-07	4.97E-07	4.38E-07	7.89E-07	5.07E-07	7.68E-07	7.51E-07	4.62E-07
AC>GT	4.46E-07	4.97E-07	4.38E-07	7.89E-07	5.07E-07	7.68E-07	7.51E-07	4.62E-07
AC>TA	1.19E-03	4.56E-03	1.17E-03	1.23E-03	6.95E-07	4.63E-03	4.40E-03	2.95E-03
AC>TG	4.46E-07	4.97E-07	4.38E-07	7.89E-07	5.07E-07	7.68E-07	7.51E-07	4.62E-07
AC>TT	7.18E-04	5.63E-07	4.30E-03	3.48E-03	2.87E-03	8.10E-04	6.05E-03	5.75E-07
AT>CA	4.46E-07	4.97E-07	4.38E-07	7.89E-07	5.07E-07	7.68E-07	7.51E-07	4.62E-07
AT>CC	4.46E-07	4.97E-07	4.38E-07	7.89E-07	5.07E-07	7.68E-07	7.51E-07	4.62E-07
AT>CG	4.46E-07	4.97E-07	4.38E-07	7.89E-07	5.07E-07	7.68E-07	7.51E-07	4.62E-07
AT>GA	4.46E-07	4.97E-07	4.38E-07	7.89E-07	5.07E-07	7.68E-07	7.51E-07	4.62E-07
AT>GC	4.46E-07	4.97E-07	4.38E-07	7.89E-07	5.07E-07	7.68E-07	7.51E-07	4.62E-07
AT>TA	1.67E-03	6.66E-07	4.47E-03	1.43E-03	4.21E-03	3.97E-03	6.29E-03	4.68E-03
CC>AA	1.49E-02	2.23E-02	2.08E-02	2.20E-02	2.13E-02	2.10E-02	2.00E-02	4.11E-03
CC>AG	3.52E-03	1.86E-02	4.07E-03	2.55E-03	1.04E-03	9.27E-03	1.17E-02	3.48E-03
CC>AT	5.42E-03	1.16E-03	6.63E-03	5.49E-03	2.01E-02	6.11E-03	6.64E-03	3.34E-03
CC>GA	6.11E-03	6.15E-03	3.47E-03	6.45E-03	6.88E-03	9.03E-03	9.41E-03	4.75E-03
CC>GG	4.46E-07	4.97E-07	4.38E-07	7.89E-07	5.07E-07	7.68E-07	7.51E-07	4.62E-07
CC>GT	1.97E-03	2.59E-03	4.83E-03	1.52E-03	6.75E-07	1.58E-03	4.35E-03	5.28E-03
CC>TA	4.57E-03	2.85E-03	2.35E-03	1.01E-02	9.11E-03	5.22E-03	2.30E-03	3.00E-03
CC>TG	4.46E-07	4.97E-07	4.38E-07	7.89E-07	5.07E-07	7.68E-07	7.51E-07	4.62E-07
CC>TT	1.30E-03	6.67E-03	5.62E-03	1.66E-03	2.88E-03	4.58E-03	1.05E-02	2.15E-02
CG>AT	1.45E-03	5.32E-03	2.49E-03	6.44E-03	1.11E-03	1.03E-02	6.89E-03	3.90E-03
CG>GC	6.50E-07	5.91E-07	5.03E-07	7.38E-07	6.06E-07	3.32E-03	2.37E-03	1.30E-02
CG>GT	1.68E-03	2.50E-03	6.85E-03	1.57E-03	3.33E-03	5.80E-03	7.61E-03	4.90E-03
CG>TA	4.46E-07	4.97E-07	4.38E-07	7.89E-07	5.07E-07	7.68E-07	7.51E-07	4.62E-07
CG>TC	4.46E-07	4.97E-07	4.38E-07	7.89E-07	5.07E-07	7.68E-07	7.51E-07	4.62E-07
CG>TT	2.72E-03	2.20E-03	1.53E-02	6.23E-03	8.25E-03	1.71E-03	4.50E-03	4.11E-03
CT>AA	1.17E-03	4.28E-03	6.68E-03	1.64E-02	1.01E-02	3.56E-03	4.70E-03	8.32E-04
CT>AC	4.46E-07	4.97E-07	4.38E-07	7.89E-07	5.07E-07	7.68E-07	7.51E-07	4.62E-07
CT>AG	7.53E-04	1.40E-02	1.91E-03	1.57E-03	2.95E-03	1.63E-02	7.33E-03	5.35E-03
CT>GA	4.46E-07	4.97E-07	4.38E-07	7.89E-07	5.07E-07	7.68E-07	7.51E-07	4.62E-07
CT>GC	4.46E-07	4.97E-07	4.38E-07	7.89E-07	5.07E-07	7.68E-07	7.51E-07	4.62E-07
CT>GG	4.46E-07	4.97E-07	4.38E-07	7.89E-07	5.07E-07	7.68E-07	7.51E-07	4.62E-07
CT>TA	1.17E-03	3.24E-03	2.11E-03	8.20E-07	7.02E-07	5.48E-03	4.12E-03	1.45E-02
CT>TC	4.46E-07	4.97E-07	4.38E-07	7.89E-07	5.07E-07	7.68E-07	7.51E-07	4.62E-07
CT>TG	4.46E-07	4.97E-07	4.38E-07	7.89E-07	5.07E-07	7.68E-07	7.51E-07	4.62E-07
GC>AA	1.33E-03	4.57E-03	3.27E-03	2.44E-03	3.59E-03	1.79E-03	2.14E-02	9.55E-03
GC>AG	4.46E-07	4.97E-07	4.38E-07	7.89E-07	5.07E-07	7.68E-07	7.51E-07	4.62E-07
GC>AT	4.46E-07	4.97E-07	4.38E-07	7.89E-07	5.07E-07	7.68E-07	7.51E-07	4.62E-07
GC>CA	1.18E-03	8.83E-04	4.92E-03	4.14E-03	2.72E-03	2.89E-03	1.61E-03	8.32E-04
GC>CG	4.46E-07	4.97E-07	4.38E-07	7.89E-07	5.07E-07	7.68E-07	7.51E-07	4.62E-07
GC>TA	4.46E-07	4.97E-07	4.38E-07	7.89E-07	5.07E-07	7.68E-07	7.51E-07	4.62E-07
TA>AT	4.46E-07	4.97E-07	4.38E-07	7.89E-07	5.07E-07	7.68E-07	7.51E-07	4.62E-07
TA>CG	4.46E-07	4.97E-07	4.38E-07	7.89E-07	5.07E-07	7.68E-07	7.51E-07	4.62E-07
TA>CT	4.46E-07	4.97E-07	4.38E-07	7.89E-07	5.07E-07	7.68E-07	7.51E-07	4.62E-07
TA>GC	4.46E-07	4.97E-07	4.38E-07	7.89E-07	5.07E-07	7.68E-07	7.51E-07	4.62E-07
TA>GG	4.46E-07	4.97E-07	4.38E-07	7.89E-07	5.07E-07	7.68E-07	7.51E-07	4.62E-07
TA>GT	4.46E-07	4.97E-07	4.38E-07	7.89E-07	5.07E-07	7.68E-07	7.51E-07	4.62E-07
TC>AA	1.74E-03	3.65E-03	9.68E-03	5.74E-03	3.33E-03	7.43E-03	3.09E-03	4.62E-03
TC>AG	1.94E-03	2.62E-03	5.16E-03	1.52E-03	6.65E-07	2.86E-03	1.55E-03	4.31E-03
TC>AT	2.30E-03	3.76E-04	9.04E-03	8.91E-03	2.68E-03	3.21E-03	8.19E-03	3.97E-03
TC>CA	1.27E-03	4.87E-03	2.10E-03	1.13E-06	1.18E-03	9.52E-03	2.47E-03	4.20E-03
TC>CG	4.46E-07	4.97E-07	4.38E-07	7.89E-07	5.07E-07	7.68E-07	7.51E-07	4.62E-07
TC>CT	3.81E-03	1.43E-03	6.28E-03	2.60E-03	3.45E-03	5.77E-03	5.04E-03	6.51E-07
TC>GA	4.46E-07	4.97E-07	4.38E-07	7.89E-07	5.07E-07	7.68E-07	7.51E-07	4.62E-07
TC>GG	4.46E-07	4.97E-07	4.38E-07	7.89E-07	5.07E-07	7.68E-07	7.51E-07	4.62E-07
TC>GT	4.46E-07	4.97E-07	4.38E-07	7.89E-07	5.07E-07	7.68E-07	7.51E-07	4.62E-07
TG>AA	5.33E-04	2.05E-03	1.22E-02	1.46E-02	8.15E-03	5.94E-03	1.40E-02	9.11E-03
TG>AC	4.46E-07	4.97E-07	4.38E-07	7.89E-07	5.07E-07	7.68E-07	7.51E-07	4.62E-07
TG>AT	3.41E-03	1.75E-03	6.30E-03	9.77E-04	1.13E-03	5.54E-03	7.32E-03	1.54E-02
TG>CA	4.46E-07	4.97E-07	4.38E-07	7.89E-07	5.07E-07	7.68E-07	7.51E-07	4.62E-07
TG>CC	4.46E-07	4.97E-07	4.38E-07	7.89E-07	5.07E-07	7.68E-07	7.51E-07	4.62E-07
TG>CT	1.58E-03	4.18E-03	3.81E-03	9.76E-03	6.61E-03	1.67E-02	8.68E-03	4.09E-03
TG>GA	4.46E-07	4.97E-07	4.38E-07	7.89E-07	5.07E-07	7.68E-07	7.51E-07	4.62E-07
TG>GC	4.46E-07	4.97E-07	4.38E-07	7.89E-07	5.07E-07	7.68E-07	7.51E-07	4.62E-07
TG>GT	4.46E-07	4.97E-07	4.38E-07	7.89E-07	5.07E-07	7.68E-07	7.51E-07	4.62E-07
TT>AA	4.46E-07	4.97E-07	4.38E-07	7.89E-07	5.07E-07	7.68E-07	7.51E-07	4.62E-07
TT>AC	4.46E-07	4.97E-07	4.38E-07	7.89E-07	5.07E-07	7.68E-07	7.51E-07	4.62E-07
TT>AG	1.07E-03	7.43E-04	4.64E-04	4.76E-03	2.80E-03	3.70E-03	2.96E-03	5.56E-07
TT>CA	4.46E-07	4.97E-07	4.38E-07	7.89E-07	5.07E-07	7.68E-07	7.51E-07	4.62E-07
TT>CC	4.46E-07	4.97E-07	4.38E-07	7.89E-07	5.07E-07	7.68E-07	7.51E-07	4.62E-07
TT>CG	4.46E-07	4.97E-07	4.38E-07	7.89E-07	5.07E-07	7.68E-07	7.51E-07	4.62E-07
TT>GA	4.46E-07	4.97E-07	4.38E-07	7.89E-07	5.07E-07	7.68E-07	7.51E-07	4.62E-07
TT>GC	4.46E-07	4.97E-07	4.38E-07	7.89E-07	5.07E-07	7.68E-07	7.51E-07	4.62E-07
TT>GG	4.46E-07	4.97E-07	4.38E-07	7.89E-07	5.07E-07	7.68E-07	7.51E-07	4.62E-07
