MutationType	DBS78A	DBS78B	DBS78C	DBS78D	DBS78E	DBS78F	DBS78G	DBS78H
AC>CA	1.6325958849847666e-05	1.0824832820048869e-05	1.0281104677574148e-05	1.4387055598490406e-05	1.5433468920491578e-05	1.4472335262212255e-05	1.4084190820540243e-05	1.6822276613766007e-05
AC>CG	1.6325958849847666e-05	1.0824832820048869e-05	1.0281104677574148e-05	1.4387055598490406e-05	1.5433468920491578e-05	1.4472335262212255e-05	1.4084190820540243e-05	1.6822276613766007e-05
AC>CT	1.6325958849847666e-05	1.0824832820048869e-05	1.0281104677574148e-05	1.4387055598490406e-05	1.5433468920491578e-05	1.4472335262212255e-05	1.4084190820540243e-05	1.6822276613766007e-05
AC>GA	1.6325958849847666e-05	1.0824832820048869e-05	1.0281104677574148e-05	1.4387055598490406e-05	1.5433468920491578e-05	1.4472335262212255e-05	1.4084190820540243e-05	1.6822276613766007e-05
AC>GG	1.6325958849847666e-05	1.0824832820048869e-05	1.0281104677574148e-05	1.4387055598490406e-05	1.5433468920491578e-05	1.4472335262212255e-05	1.4084190820540243e-05	1.6822276613766007e-05
AC>GT	1.6325958849847666e-05	1.0824832820048869e-05	1.0281104677574148e-05	1.4387055598490406e-05	1.5433468920491578e-05	1.4472335262212255e-05	1.4084190820540243e-05	1.6822276613766007e-05
AC>TA	0.00141287344935904	0.030907883495990763	0.0019872253246971993	0.0017537357273366538	1.2666533812648595e-05	0.012199286356235694	0.009628411485871879	0.005409106364152283
AC>TG	1.6325958849847666e-05	1.0824832820048869e-05	1.0281104677574148e-05	1.4387055598490406e-05	1.5433468920491578e-05	1.4472335262212255e-05	1.4084190820540243e-05	1.6822276613766007e-05
AC>TT	0.0010309845741365109	9.8308937344882e-06	0.01616839888940463	0.009712923505529755	0.012117474221344939	0.0008224069117457589	0.02139854461521736	1.53897306682893e-05
AT>CA	1.6325958849847666e-05	1.0824832820048869e-05	1.0281104677574148e-05	1.4387055598490406e-05	1.5433468920491578e-05	1.4472335262212255e-05	1.4084190820540243e-05	1.6822276613766007e-05
AT>CC	1.6325958849847666e-05	1.0824832820048869e-05	1.0281104677574148e-05	1.4387055598490406e-05	1.5433468920491578e-05	1.4472335262212255e-05	1.4084190820540243e-05	1.6822276613766007e-05
AT>CG	1.6325958849847666e-05	1.0824832820048869e-05	1.0281104677574148e-05	1.4387055598490406e-05	1.5433468920491578e-05	1.4472335262212255e-05	1.4084190820540243e-05	1.6822276613766007e-05
AT>GA	1.6325958849847666e-05	1.0824832820048869e-05	1.0281104677574148e-05	1.4387055598490406e-05	1.5433468920491578e-05	1.4472335262212255e-05	1.4084190820540243e-05	1.6822276613766007e-05
AT>GC	1.6325958849847666e-05	1.0824832820048869e-05	1.0281104677574148e-05	1.4387055598490406e-05	1.5433468920491578e-05	1.4472335262212255e-05	1.4084190820540243e-05	1.6822276613766007e-05
AT>TA	0.0031578372611770077	8.535952546224859e-06	0.00779259156545527	0.0024955669266164193	0.006716007267513116	0.012377005796123781	0.028626112059725983	0.02099391808323162
CC>AA	0.8538433203101158	0.3248507677033495	0.3714695464415868	0.4220459706759726	0.23523404407485343	0.3555677444773119	0.22994602547918622	0.0042105584580728475
CC>AG	0.012425982015280002	0.38643449598495183	0.010325840690297126	0.006907485518730312	0.0013811773677358122	0.051187771563772924	0.06414173510993244	0.009988675743628932
CC>AT	0.01867300369486442	0.001166162461400659	0.035834624385536556	0.02315531337696811	0.4575904781650752	0.019277934236984668	0.02729941253367861	0.004875658335022913
CC>GA	0.008883390485589632	0.027681895884105225	0.008196500858533646	0.017469224748268432	0.022725111692921712	0.02557499159138789	0.03416857209512908	0.010536974725470872
CC>GG	1.6325958849847666e-05	1.0824832820048869e-05	1.0281104677574148e-05	1.4387055598490406e-05	1.5433468920491578e-05	1.4472335262212255e-05	1.4084190820540243e-05	1.6822276613766007e-05
CC>GT	0.00484572766795921	0.00725048491012797	0.023583076894010464	0.0021652651527853573	1.1755328299458689e-05	0.002242332090544619	0.007809604815226757	0.018584395528521896
CC>TA	0.013293793184528226	0.0028632066040073867	0.0033415480657249755	0.046361517573999526	0.04528342236212948	0.01992510124885925	0.003826786671446803	0.005956486080577612
CC>TG	1.6325958849847666e-05	1.0824832820048869e-05	1.0281104677574148e-05	1.4387055598490406e-05	1.5433468920491578e-05	1.4472335262212255e-05	1.4084190820540243e-05	1.6822276613766007e-05
CC>TT	0.0029049346554248495	0.03804915352324374	0.019693184663290654	0.0025539765272105707	0.004933274761524205	0.01826116024657099	0.06826894063422442	0.3439923107011691
CG>AT	0.0028469665387728504	0.019764305136791605	0.0039966285316729135	0.01323612672885872	0.0011217221431277125	0.03575424141506062	0.020390914488692714	0.008238479168414614
CG>GC	9.942638439925419e-06	7.539221894552403e-06	8.882428574616824e-06	1.1073143052736498e-05	1.2247865348869736e-05	0.0033359397394915717	0.0029602985502908408	0.11492621362342106
CG>GT	0.004406293847395659	0.002504141089329161	0.034610632945066964	0.0031526012925494136	0.011366920160241475	0.012422759269413322	0.019841101248113033	0.005872989043054032
CG>TA	1.6325958849847666e-05	1.0824832820048869e-05	1.0281104677574148e-05	1.4387055598490406e-05	1.5433468920491578e-05	1.4472335262212255e-05	1.4084190820540243e-05	1.6822276613766007e-05
CG>TC	1.6325958849847666e-05	1.0824832820048869e-05	1.0281104677574148e-05	1.4387055598490406e-05	1.5433468920491578e-05	1.4472335262212255e-05	1.4084190820540243e-05	1.6822276613766007e-05
CG>TT	0.009172257717713196	0.0049883960837216025	0.21199635903444894	0.02450954971759656	0.03998734518217006	0.0034616678878546547	0.0129880055124022	0.010892759129530992
CT>AA	0.0030708761269838654	0.00428685474996045	0.02518973131817889	0.21841361773296986	0.047182058268177715	0.00977690583625258	0.013368029425733669	0.0008452100815369816
CT>AC	1.6325958849847666e-05	1.0824832820048869e-05	1.0281104677574148e-05	1.4387055598490406e-05	1.5433468920491578e-05	1.4472335262212255e-05	1.4084190820540243e-05	1.6822276613766007e-05
CT>AG	0.0012145854698320873	0.05505320548898796	0.003856893830673288	0.0021051759998179354	0.005424735032346737	0.10682038698924988	0.02160030181372357	0.010670969579948855
CT>GA	1.6325958849847666e-05	1.0824832820048869e-05	1.0281104677574148e-05	1.4387055598490406e-05	1.5433468920491578e-05	1.4472335262212255e-05	1.4084190820540243e-05	1.6822276613766007e-05
CT>GC	1.6325958849847666e-05	1.0824832820048869e-05	1.0281104677574148e-05	1.4387055598490406e-05	1.5433468920491578e-05	1.4472335262212255e-05	1.4084190820540243e-05	1.6822276613766007e-05
CT>GG	1.6325958849847666e-05	1.0824832820048869e-05	1.0281104677574148e-05	1.4387055598490406e-05	1.5433468920491578e-05	1.4472335262212255e-05	1.4084190820540243e-05	1.6822276613766007e-05
CT>TA	0.0011763494364750748	0.018367013508252594	0.00419556245068567	9.194147361471084e-06	9.501968648493182e-06	0.01327520958360603	0.010767902948390305	0.1281762919960943
CT>TC	1.6325958849847666e-05	1.0824832820048869e-05	1.0281104677574148e-05	1.4387055598490406e-05	1.5433468920491578e-05	1.4472335262212255e-05	1.4084190820540243e-05	1.6822276613766007e-05
CT>TG	1.6325958849847666e-05	1.0824832820048869e-05	1.0281104677574148e-05	1.4387055598490406e-05	1.5433468920491578e-05	1.4472335262212255e-05	1.4084190820540243e-05	1.6822276613766007e-05
GC>AA	0.0013413200952764048	0.014393203857603802	0.010485474255876792	0.006399968240268048	0.009267159126084326	0.003904959592306495	0.24265917390497008	0.0409399646972671
GC>AG	1.6325958849847666e-05	1.0824832820048869e-05	1.0281104677574148e-05	1.4387055598490406e-05	1.5433468920491578e-05	1.4472335262212255e-05	1.4084190820540243e-05	1.6822276613766007e-05
GC>AT	1.6325958849847666e-05	1.0824832820048869e-05	1.0281104677574148e-05	1.4387055598490406e-05	1.5433468920491578e-05	1.4472335262212255e-05	1.4084190820540243e-05	1.6822276613766007e-05
GC>CA	0.002182975766293538	0.0008926264630667902	0.019015892589057445	0.014657686084688067	0.008678237705094034	0.006263511129741417	0.001937473611188037	0.000848281340529411
GC>CG	1.6325958849847666e-05	1.0824832820048869e-05	1.0281104677574148e-05	1.4387055598490406e-05	1.5433468920491578e-05	1.4472335262212255e-05	1.4084190820540243e-05	1.6822276613766007e-05
GC>TA	1.6325958849847666e-05	1.0824832820048869e-05	1.0281104677574148e-05	1.4387055598490406e-05	1.5433468920491578e-05	1.4472335262212255e-05	1.4084190820540243e-05	1.6822276613766007e-05
TA>AT	1.6325958849847666e-05	1.0824832820048869e-05	1.0281104677574148e-05	1.4387055598490406e-05	1.5433468920491578e-05	1.4472335262212255e-05	1.4084190820540243e-05	1.6822276613766007e-05
TA>CG	1.6325958849847666e-05	1.0824832820048869e-05	1.0281104677574148e-05	1.4387055598490406e-05	1.5433468920491578e-05	1.4472335262212255e-05	1.4084190820540243e-05	1.6822276613766007e-05
TA>CT	1.6325958849847666e-05	1.0824832820048869e-05	1.0281104677574148e-05	1.4387055598490406e-05	1.5433468920491578e-05	1.4472335262212255e-05	1.4084190820540243e-05	1.6822276613766007e-05
TA>GC	1.6325958849847666e-05	1.0824832820048869e-05	1.0281104677574148e-05	1.4387055598490406e-05	1.5433468920491578e-05	1.4472335262212255e-05	1.4084190820540243e-05	1.6822276613766007e-05
TA>GG	1.6325958849847666e-05	1.0824832820048869e-05	1.0281104677574148e-05	1.4387055598490406e-05	1.5433468920491578e-05	1.4472335262212255e-05	1.4084190820540243e-05	1.6822276613766007e-05
TA>GT	1.6325958849847666e-05	1.0824832820048869e-05	1.0281104677574148e-05	1.4387055598490406e-05	1.5433468920491578e-05	1.4472335262212255e-05	1.4084190820540243e-05	1.6822276613766007e-05
TC>AA	0.004899503406349773	0.009387536316144675	0.05558048534783552	0.009892701866660759	0.0096091766551918	0.01868003931636931	0.007821142759264332	0.013798984775771034
TC>AG	0.0044916592220533855	0.008405529879693745	0.02508150768909218	0.0021648996109547626	1.2103764883590883e-05	0.006316386741416411	0.0028780717018266153	0.013596416854929601
TC>AT	0.007488547787076349	0.00038300563635052014	0.013757712683332228	0.04651726439073599	0.005646714596406287	0.006194667444975897	0.010483582480265525	0.0069495089997321305
TC>CA	0.0024629967487945236	0.01765911140104892	0.002909409581904221	1.234537632202479e-05	0.001193342479336934	0.05440389739002752	0.00412368962602551	0.006624574581830984
TC>CG	1.6325958849847666e-05	1.0824832820048869e-05	1.0281104677574148e-05	1.4387055598490406e-05	1.5433468920491578e-05	1.4472335262212255e-05	1.4084190820540243e-05	1.6822276613766007e-05
TC>CT	0.015519047719236205	0.0014357818221712381	0.025379139083761385	0.005792327230682194	0.012253559500294253	0.010412688712333846	0.009887731055880523	1.4487115125803695e-05
TC>GA	1.6325958849847666e-05	1.0824832820048869e-05	1.0281104677574148e-05	1.4387055598490406e-05	1.5433468920491578e-05	1.4472335262212255e-05	1.4084190820540243e-05	1.6822276613766007e-05
TC>GG	1.6325958849847666e-05	1.0824832820048869e-05	1.0281104677574148e-05	1.4387055598490406e-05	1.5433468920491578e-05	1.4472335262212255e-05	1.4084190820540243e-05	1.6822276613766007e-05
TC>GT	1.6325958849847666e-05	1.0824832820048869e-05	1.0281104677574148e-05	1.4387055598490406e-05	1.5433468920491578e-05	1.4472335262212255e-05	1.4084190820540243e-05	1.6822276613766007e-05
TG>AA	0.0007693414005595408	0.004370617892269818	0.03107923855049682	0.03918227741086802	0.02939096652510761	0.016325987224759544	0.06390551332887431	0.03204890168802888
TG>AC	1.6325958849847666e-05	1.0824832820048869e-05	1.0281104677574148e-05	1.4387055598490406e-05	1.5433468920491578e-05	1.4472335262212255e-05	1.4084190820540243e-05	1.6822276613766007e-05
TG>AT	0.010284756161270354	0.004691475959018466	0.01939170884339621	0.0009861687498604068	0.001703212117214482	0.017568103043153937	0.026794369347086962	0.1677854333065352
TG>CA	1.6325958849847666e-05	1.0824832820048869e-05	1.0281104677574148e-05	1.4387055598490406e-05	1.5433468920491578e-05	1.4472335262212255e-05	1.4084190820540243e-05	1.6822276613766007e-05
TG>CC	1.6325958849847666e-05	1.0824832820048869e-05	1.0281104677574148e-05	1.4387055598490406e-05	1.5433468920491578e-05	1.4472335262212255e-05	1.4084190820540243e-05	1.6822276613766007e-05
TG>CT	0.004088151722484022	0.012585739980636142	0.014085841856821633	0.05229514667132433	0.02253162728374921	0.14528811724176863	0.027965632272480875	0.012350003157920265
TG>GA	1.6325958849847666e-05	1.0824832820048869e-05	1.0281104677574148e-05	1.4387055598490406e-05	1.5433468920491578e-05	1.4472335262212255e-05	1.4084190820540243e-05	1.6822276613766007e-05
TG>GC	1.6325958849847666e-05	1.0824832820048869e-05	1.0281104677574148e-05	1.4387055598490406e-05	1.5433468920491578e-05	1.4472335262212255e-05	1.4084190820540243e-05	1.6822276613766007e-05
TG>GT	1.6325958849847666e-05	1.0824832820048869e-05	1.0281104677574148e-05	1.4387055598490406e-05	1.5433468920491578e-05	1.4472335262212255e-05	1.4084190820540243e-05	1.6822276613766007e-05
TT>AA	1.6325958849847666e-05	1.0824832820048869e-05	1.0281104677574148e-05	1.4387055598490406e-05	1.5433468920491578e-05	1.4472335262212255e-05	1.4084190820540243e-05	1.6822276613766007e-05
TT>AC	1.6325958849847666e-05	1.0824832820048869e-05	1.0281104677574148e-05	1.4387055598490406e-05	1.5433468920491578e-05	1.4472335262212255e-05	1.4084190820540243e-05	1.6822276613766007e-05
TT>AG	0.0032862689575449623	0.0010602660466907032	0.0004722602795661146	0.025321558797536454	0.007832311424532747	0.011635132132964828	0.0038087151989543598	1.586893411285928e-05
TT>CA	1.6325958849847666e-05	1.0824832820048869e-05	1.0281104677574148e-05	1.4387055598490406e-05	1.5433468920491578e-05	1.4472335262212255e-05	1.4084190820540243e-05	1.6822276613766007e-05
TT>CC	1.6325958849847666e-05	1.0824832820048869e-05	1.0281104677574148e-05	1.4387055598490406e-05	1.5433468920491578e-05	1.4472335262212255e-05	1.4084190820540243e-05	1.6822276613766007e-05
TT>CG	1.6325958849847666e-05	1.0824832820048869e-05	1.0281104677574148e-05	1.4387055598490406e-05	1.5433468920491578e-05	1.4472335262212255e-05	1.4084190820540243e-05	1.6822276613766007e-05
TT>GA	1.6325958849847666e-05	1.0824832820048869e-05	1.0281104677574148e-05	1.4387055598490406e-05	1.5433468920491578e-05	1.4472335262212255e-05	1.4084190820540243e-05	1.6822276613766007e-05
TT>GC	1.6325958849847666e-05	1.0824832820048869e-05	1.0281104677574148e-05	1.4387055598490406e-05	1.5433468920491578e-05	1.4472335262212255e-05	1.4084190820540243e-05	1.6822276613766007e-05
TT>GG	1.6325958849847666e-05	1.0824832820048869e-05	1.0281104677574148e-05	1.4387055598490406e-05	1.5433468920491578e-05	1.4472335262212255e-05	1.4084190820540243e-05	1.6822276613766007e-05
