MutationType	DBS78A	DBS78B	DBS78C	DBS78D	DBS78E	DBS78F
AC>CA	3.01E-07	4.27E-07	3.69E-07	4.68E-07	6.26E-07	3.75E-07
AC>CG	3.01E-07	4.27E-07	3.69E-07	4.68E-07	6.26E-07	3.75E-07
AC>CT	3.01E-07	4.27E-07	3.69E-07	4.68E-07	6.26E-07	3.75E-07
AC>GA	3.01E-07	4.27E-07	3.69E-07	4.68E-07	6.26E-07	3.75E-07
AC>GG	3.01E-07	4.27E-07	3.69E-07	4.68E-07	6.26E-07	3.75E-07
AC>GT	3.01E-07	4.27E-07	3.69E-07	4.68E-07	6.26E-07	3.75E-07
AC>TA	1.04E-03	4.02E-03	3.36E-03	5.48E-07	2.10E-03	4.59E-03
AC>TG	3.01E-07	4.27E-07	3.69E-07	4.68E-07	6.26E-07	3.75E-07
AC>TT	9.97E-04	4.04E-04	2.30E-03	2.87E-03	3.68E-03	5.36E-03
AT>CA	3.01E-07	4.27E-07	3.69E-07	4.68E-07	6.26E-07	3.75E-07
AT>CC	3.01E-07	4.27E-07	3.69E-07	4.68E-07	6.26E-07	3.75E-07
AT>CG	3.01E-07	4.27E-07	3.69E-07	4.68E-07	6.26E-07	3.75E-07
AT>GA	3.01E-07	4.27E-07	3.69E-07	4.68E-07	6.26E-07	3.75E-07
AT>GC	3.01E-07	4.27E-07	3.69E-07	4.68E-07	6.26E-07	3.75E-07
AT>TA	1.53E-03	2.76E-03	3.78E-03	2.33E-03	7.00E-03	4.45E-03
CC>AA	1.32E-02	1.96E-02	1.53E-02	2.18E-02	2.00E-02	7.03E-03
CC>AG	4.60E-03	1.79E-02	5.34E-03	1.61E-03	6.36E-03	1.07E-02
CC>AT	4.82E-03	3.09E-03	5.94E-03	1.93E-02	7.73E-03	1.39E-03
CC>GA	3.06E-03	5.01E-03	6.38E-03	2.98E-03	5.52E-03	7.23E-03
CC>GG	3.01E-07	4.27E-07	3.69E-07	4.68E-07	6.26E-07	3.75E-07
CC>GT	1.05E-03	2.79E-03	4.47E-03	7.71E-04	1.90E-03	2.94E-03
CC>TA	2.33E-03	2.76E-03	5.95E-03	6.79E-03	5.12E-03	2.89E-03
CC>TG	3.01E-07	4.27E-07	3.69E-07	4.68E-07	6.26E-07	3.75E-07
CC>TT	1.27E-03	7.28E-03	5.14E-03	3.23E-03	5.95E-03	1.88E-02
CG>AT	8.65E-04	5.06E-03	3.70E-03	2.48E-03	6.95E-03	3.31E-03
CG>GC	5.39E-07	3.07E-03	5.45E-07	1.98E-03	7.34E-07	1.10E-02
CG>GT	1.40E-03	3.59E-03	3.43E-03	8.31E-03	6.38E-03	3.73E-03
CG>TA	3.01E-07	4.27E-07	3.69E-07	4.68E-07	6.26E-07	3.75E-07
CG>TC	3.01E-07	4.27E-07	3.69E-07	4.68E-07	6.26E-07	3.75E-07
CG>TT	3.10E-03	3.64E-03	1.14E-02	9.67E-03	9.97E-03	6.78E-03
CT>AA	5.96E-03	9.44E-04	7.86E-03	7.66E-03	1.72E-02	2.95E-03
CT>AC	3.01E-07	4.27E-07	3.69E-07	4.68E-07	6.26E-07	3.75E-07
CT>AG	2.07E-03	7.15E-03	4.95E-03	3.37E-03	1.15E-02	6.88E-03
CT>GA	3.01E-07	4.27E-07	3.69E-07	4.68E-07	6.26E-07	3.75E-07
CT>GC	3.01E-07	4.27E-07	3.69E-07	4.68E-07	6.26E-07	3.75E-07
CT>GG	3.01E-07	4.27E-07	3.69E-07	4.68E-07	6.26E-07	3.75E-07
CT>TA	2.46E-03	4.69E-03	1.69E-03	2.40E-03	2.28E-03	1.21E-02
CT>TC	3.01E-07	4.27E-07	3.69E-07	4.68E-07	6.26E-07	3.75E-07
CT>TG	3.01E-07	4.27E-07	3.69E-07	4.68E-07	6.26E-07	3.75E-07
GC>AA	3.35E-03	9.68E-03	6.94E-03	7.37E-03	1.36E-02	1.16E-02
GC>AG	3.01E-07	4.27E-07	3.69E-07	4.68E-07	6.26E-07	3.75E-07
GC>AT	3.01E-07	4.27E-07	3.69E-07	4.68E-07	6.26E-07	3.75E-07
GC>CA	1.44E-03	5.28E-07	2.30E-03	3.51E-03	3.13E-03	3.44E-03
GC>CG	3.01E-07	4.27E-07	3.69E-07	4.68E-07	6.26E-07	3.75E-07
GC>TA	3.01E-07	4.27E-07	3.69E-07	4.68E-07	6.26E-07	3.75E-07
TA>AT	3.01E-07	4.27E-07	3.69E-07	4.68E-07	6.26E-07	3.75E-07
TA>CG	3.01E-07	4.27E-07	3.69E-07	4.68E-07	6.26E-07	3.75E-07
TA>CT	3.01E-07	4.27E-07	3.69E-07	4.68E-07	6.26E-07	3.75E-07
TA>GC	3.01E-07	4.27E-07	3.69E-07	4.68E-07	6.26E-07	3.75E-07
TA>GG	3.01E-07	4.27E-07	3.69E-07	4.68E-07	6.26E-07	3.75E-07
TA>GT	3.01E-07	4.27E-07	3.69E-07	4.68E-07	6.26E-07	3.75E-07
TC>AA	2.33E-03	3.58E-03	6.45E-03	3.79E-03	5.68E-03	3.38E-03
TC>AG	1.18E-03	3.33E-03	3.68E-03	9.15E-04	2.68E-03	4.15E-03
TC>AT	1.61E-03	1.47E-03	5.03E-03	1.17E-03	5.76E-03	6.06E-03
TC>CA	1.59E-03	4.87E-03	4.00E-03	2.38E-03	5.22E-03	2.66E-03
TC>CG	3.01E-07	4.27E-07	3.69E-07	4.68E-07	6.26E-07	3.75E-07
TC>CT	2.60E-03	2.00E-03	4.14E-03	4.24E-03	4.74E-03	4.08E-03
TC>GA	3.01E-07	4.27E-07	3.69E-07	4.68E-07	6.26E-07	3.75E-07
TC>GG	3.01E-07	4.27E-07	3.69E-07	4.68E-07	6.26E-07	3.75E-07
TC>GT	3.01E-07	4.27E-07	3.69E-07	4.68E-07	6.26E-07	3.75E-07
TG>AA	9.19E-04	1.87E-03	3.23E-03	6.97E-03	1.56E-02	5.43E-03
TG>AC	3.01E-07	4.27E-07	3.69E-07	4.68E-07	6.26E-07	3.75E-07
TG>AT	6.73E-04	1.92E-03	6.59E-03	3.50E-03	4.16E-03	1.18E-02
TG>CA	3.01E-07	4.27E-07	3.69E-07	4.68E-07	6.26E-07	3.75E-07
TG>CC	3.01E-07	4.27E-07	3.69E-07	4.68E-07	6.26E-07	3.75E-07
TG>CT	3.13E-03	4.43E-03	7.95E-03	8.58E-03	1.10E-02	8.11E-03
TG>GA	3.01E-07	4.27E-07	3.69E-07	4.68E-07	6.26E-07	3.75E-07
TG>GC	3.01E-07	4.27E-07	3.69E-07	4.68E-07	6.26E-07	3.75E-07
TG>GT	3.01E-07	4.27E-07	3.69E-07	4.68E-07	6.26E-07	3.75E-07
TT>AA	3.01E-07	4.27E-07	3.69E-07	4.68E-07	6.26E-07	3.75E-07
TT>AC	3.01E-07	4.27E-07	3.69E-07	4.68E-07	6.26E-07	3.75E-07
TT>AG	1.74E-03	9.57E-04	1.87E-03	2.10E-03	4.21E-03	1.54E-03
TT>CA	3.01E-07	4.27E-07	3.69E-07	4.68E-07	6.26E-07	3.75E-07
TT>CC	3.01E-07	4.27E-07	3.69E-07	4.68E-07	6.26E-07	3.75E-07
TT>CG	3.01E-07	4.27E-07	3.69E-07	4.68E-07	6.26E-07	3.75E-07
TT>GA	3.01E-07	4.27E-07	3.69E-07	4.68E-07	6.26E-07	3.75E-07
TT>GC	3.01E-07	4.27E-07	3.69E-07	4.68E-07	6.26E-07	3.75E-07
TT>GG	3.01E-07	4.27E-07	3.69E-07	4.68E-07	6.26E-07	3.75E-07
