Samples	SBS96A	SBS96B	SBS96C	SBS96D	SBS96E	SBS96F
TCGA_38_4625_01A	9.98E+00	1.02E+01	7.12E+00	1.82E+00	2.31E+00	8.46E-01
TCGA_38_4626_01A	5.78E+00	6.63E+00	3.34E+00	7.96E-01	2.29E+00	4.26E-01
TCGA_38_4627_01A	2.22E-01	3.86E-01	4.96E-01	2.14E-01	3.95E-01	5.40E-01
TCGA_38_4631_01A	1.16E+01	1.26E+01	8.73E+00	9.51E-01	5.16E+00	9.69E-01
TCGA_38_7271_01A	1.34E+00	1.47E+00	7.73E-01	5.10E-01	6.16E-01	0.00E+00
TCGA_44_2655_01A	4.18E+00	4.56E+00	2.02E+00	5.37E-01	1.39E+00	1.00E-02
TCGA_44_2657_01A	7.94E+00	8.39E+00	5.45E+00	1.14E+00	3.11E+00	1.66E+00
TCGA_44_2659_01A	8.91E+00	9.31E+00	3.72E+00	9.91E-01	3.11E+00	1.39E+00
TCGA_44_3396_01A	1.75E+00	2.14E+00	2.25E+00	1.36E+00	1.79E+00	1.30E+00
TCGA_44_3917_01A	5.24E+00	5.23E+00	3.49E+00	8.83E-01	3.03E+00	1.02E+00
TCGA_44_3918_01A	1.40E+01	1.51E+01	9.36E+00	1.77E+00	4.02E+00	1.95E+00
TCGA_44_4112_01A	7.66E+00	8.99E+00	6.02E+00	1.46E+00	2.95E+00	4.71E-01
TCGA_44_5644_01A	1.07E+01	1.37E+01	1.05E+01	1.57E+00	5.56E+00	1.99E+00
TCGA_44_6145_01A	7.84E+00	8.24E+00	4.27E+00	6.48E-01	2.49E+00	1.10E+00
TCGA_44_6147_01A	2.92E+00	3.24E+00	2.32E+00	3.76E-01	1.79E+00	1.21E-01
TCGA_44_6774_01A	5.15E+00	5.36E+00	3.53E+00	4.67E-01	2.47E+00	5.18E-01
TCGA_44_6775_01A	6.25E-01	1.08E+00	1.56E+00	5.53E-01	1.39E+00	1.07E+00
TCGA_44_6776_01A	3.94E+00	4.60E+00	2.43E+00	6.88E-01	2.39E+00	1.31E+00
TCGA_44_6779_01A	1.61E+00	1.88E+00	1.61E+00	4.12E-01	2.04E+00	1.16E+00
TCGA_44_7661_01A	3.98E+00	4.14E+00	3.15E+00	1.16E+00	2.54E+00	9.19E-01
TCGA_44_7667_01A	8.24E+00	9.82E+00	5.52E+00	1.02E+00	4.76E+00	1.76E+00
TCGA_44_7670_01A	1.44E+01	1.49E+01	8.15E+00	2.17E+00	5.03E+00	2.08E+00
TCGA_44_7672_01A	3.40E+00	3.69E+00	3.28E+00	6.13E-01	2.16E+00	8.63E-01
TCGA_44_8117_01A	9.49E+00	9.79E+00	5.74E+00	1.31E+00	4.34E+00	1.70E+00
TCGA_44_A47G_01A	5.16E-01	1.24E+00	1.15E+00	7.35E-01	1.92E+00	1.13E+00
TCGA_44_A4SU_01A	2.82E+00	2.95E+00	2.44E+00	4.82E-01	2.24E+00	1.40E+00
TCGA_49_4487_01A	5.30E+00	6.38E+00	3.84E+00	1.26E+00	4.15E+00	8.77E-01
TCGA_49_4488_01A	4.82E+00	5.18E+00	4.12E+00	8.75E-01	2.46E+00	7.42E-01
TCGA_49_4490_01A	0.00E+00	3.09E-01	6.33E-01	5.83E-01	8.47E-01	9.66E-01
TCGA_49_4505_01A	4.10E+00	4.35E+00	2.55E+00	6.91E-01	2.01E+00	1.16E+00
TCGA_49_4506_01A	1.82E+00	2.17E+00	2.45E+00	3.02E-01	1.98E+00	1.20E+00
TCGA_49_4507_01A	2.86E+00	3.16E+00	2.65E+00	1.13E+00	2.27E+00	1.24E+00
TCGA_49_6744_01A	4.15E+00	4.79E+00	2.90E+00	6.54E-01	2.17E+00	6.69E-01
TCGA_49_6761_01A	2.14E+00	2.59E+00	2.52E+00	1.22E+00	2.28E+00	1.02E+00
TCGA_49_6767_01A	6.17E+00	6.90E+00	6.12E+00	1.14E+00	3.81E+00	1.50E+00
TCGA_50_5051_01A	2.44E+00	2.72E+00	2.29E+00	4.67E-01	1.37E+00	9.59E-01
TCGA_50_5941_01A	5.99E+00	5.84E+00	4.74E+00	1.13E+00	3.82E+00	9.08E-01
TCGA_50_5942_01A	7.84E-01	1.40E+00	1.26E+00	2.71E-01	1.33E+00	5.16E-01
TCGA_50_6590_01A	9.09E+00	1.06E+01	8.56E+00	2.17E+00	5.98E+00	7.73E-01
TCGA_50_6592_01A	3.27E+00	3.98E+00	3.61E+00	1.26E+00	3.49E+00	1.22E+00
TCGA_50_6593_01A	4.90E+00	5.97E+00	5.01E+00	8.64E-01	3.29E+00	1.08E+00
TCGA_50_6595_01A	7.24E-01	1.21E+00	1.28E+00	8.68E-01	1.99E+00	8.01E-01
TCGA_53_7624_01A	7.52E+00	8.37E+00	6.62E+00	1.97E+00	5.48E+00	1.62E+00
TCGA_53_7813_01A	3.08E+00	3.48E+00	3.30E+00	1.30E-01	2.08E+00	9.82E-01
TCGA_55_6543_01A	4.98E-02	2.87E-01	3.63E-01	4.14E-02	4.48E-01	4.76E-01
TCGA_55_6970_01A	2.95E+00	3.20E+00	2.69E+00	5.81E-01	2.01E+00	1.09E+00
TCGA_55_6971_01A	1.31E+00	1.88E+00	2.16E+00	4.60E-01	1.97E+00	3.94E-01
TCGA_55_6979_01A	2.32E+00	2.57E+00	1.42E+00	9.21E-01	9.35E-01	5.37E-01
TCGA_55_6981_01A	2.15E-01	3.96E-01	4.24E-01	4.32E-01	1.01E+00	1.02E+00
TCGA_55_6985_01A	6.59E+00	6.51E+00	6.55E+00	8.33E-01	3.74E+00	1.41E+00
TCGA_55_7281_01A	9.04E+00	8.88E+00	4.89E+00	1.17E+00	4.64E+00	1.31E+00
TCGA_55_7573_01A	9.55E-01	1.21E+00	1.28E+00	5.00E-01	1.14E+00	2.87E-01
TCGA_55_7574_01A	3.87E+00	4.14E+00	2.02E+00	1.62E+00	2.16E+00	5.63E-01
TCGA_55_7725_01A	3.02E+00	3.17E+00	2.97E+00	2.94E-01	1.78E+00	7.06E-01
TCGA_55_7726_01A	3.52E-01	5.30E-01	1.13E+00	1.02E+00	7.97E-01	8.41E-01
TCGA_55_7728_01A	2.23E+00	2.21E+00	1.73E+00	3.34E-01	9.70E-01	8.75E-01
TCGA_55_7911_01A	4.13E+00	4.49E+00	3.01E+00	7.65E-01	2.74E+00	9.78E-01
TCGA_55_7914_01A	2.45E+00	3.26E+00	3.01E+00	7.95E-01	2.46E+00	1.67E+00
TCGA_55_7995_01A	7.27E+00	8.55E+00	7.71E+00	1.95E+00	5.49E+00	9.69E-01
TCGA_55_8096_01A	2.48E+00	2.98E+00	1.72E+00	6.36E-01	1.78E+00	8.18E-01
TCGA_55_8097_01A	1.55E+00	2.14E+00	1.58E+00	6.17E-01	2.08E+00	1.35E+00
TCGA_55_8203_01A	7.57E+00	7.85E+00	5.51E+00	5.38E-01	3.16E+00	1.57E+00
TCGA_55_8208_01A	2.65E+00	3.45E+00	3.55E+00	1.69E+00	3.73E+00	9.04E-01
TCGA_55_8299_01A	3.91E+00	4.38E+00	3.44E+00	6.11E-01	2.29E+00	8.51E-01
TCGA_55_8506_01A	1.61E+01	1.56E+01	1.59E+01	1.05E+00	6.34E+00	7.30E+00
TCGA_55_8510_01A	5.57E+00	5.58E+00	4.15E+00	1.00E+00	2.20E+00	8.85E-01
TCGA_55_8511_01A	5.89E+00	6.80E+00	5.16E+00	1.59E+00	4.30E+00	1.96E+00
TCGA_55_8616_01A	9.24E+00	9.82E+00	5.39E+00	1.04E+00	3.53E+00	1.44E+00
TCGA_55_A48X_01A	7.07E+00	7.68E+00	5.68E+00	1.12E+00	3.07E+00	8.74E-01
TCGA_55_A48Z_01A	7.14E-01	1.01E+00	1.33E+00	4.04E-01	1.19E+00	8.67E-01
TCGA_55_A492_01A	4.69E+00	5.00E+00	4.72E+00	7.79E-01	3.49E+00	1.26E+00
TCGA_55_A493_01A	4.06E+00	4.70E+00	4.58E+00	1.34E+00	2.81E+00	1.13E+00
TCGA_55_A494_01A	4.67E+00	4.98E+00	2.19E+00	5.97E-01	2.61E+00	1.60E+00
TCGA_62_A46O_01A	8.13E+00	9.71E+00	7.43E+00	2.03E+00	5.90E+00	1.78E+00
TCGA_62_A46R_01A	2.31E+00	2.62E+00	2.62E+00	9.74E-01	2.07E+00	1.38E+00
TCGA_64_1679_01A	9.12E+00	1.01E+01	4.83E+00	1.20E+00	3.64E+00	1.14E+00
TCGA_64_1681_01A	3.27E-01	1.11E+00	1.13E+00	7.71E-01	1.68E+00	8.19E-01
TCGA_64_5781_01A	1.56E+01	1.65E+01	8.19E+00	2.37E+00	5.53E+00	1.99E+00
TCGA_67_3770_01A	4.02E+00	4.76E+00	3.15E+00	3.70E-01	3.05E+00	1.29E+00
TCGA_67_3774_01A	1.80E+00	2.07E+00	2.39E+00	4.39E-01	1.96E+00	9.42E-01
TCGA_67_6217_01A	3.92E+00	4.31E+00	2.76E+00	5.97E-01	2.78E+00	1.18E+00
TCGA_69_7973_01A	4.56E+00	5.33E+00	3.19E+00	5.77E-01	1.32E+00	1.33E+00
TCGA_69_7974_01A	8.34E+00	8.75E+00	5.44E+00	1.11E+00	4.10E+00	1.68E+00
TCGA_69_7979_01A	2.32E+01	2.50E+01	1.22E+01	2.35E+00	3.86E+00	2.65E+00
TCGA_69_7980_01A	8.65E+00	9.83E+00	8.37E+00	2.19E+00	5.71E+00	2.07E+00
TCGA_73_4662_01A	3.64E+00	3.83E+00	3.00E+00	7.82E-01	2.84E+00	1.05E+00
TCGA_73_4666_01A	4.50E+00	4.95E+00	4.53E+00	9.64E-01	2.87E+00	1.12E+00
TCGA_73_4670_01A	5.93E+00	6.26E+00	4.76E+00	9.55E-01	3.80E+00	1.93E+00
TCGA_73_7498_01A	2.55E+00	2.65E+00	1.78E+00	3.49E-01	2.13E+00	1.04E+00
TCGA_78_7145_01A	4.20E+00	4.65E+00	3.51E+00	6.73E-01	2.48E+00	1.12E+00
TCGA_78_7146_01A	4.77E+00	4.56E+00	4.28E+00	1.46E+00	2.42E+00	1.58E+00
TCGA_78_7147_01A	4.81E+00	5.63E+00	5.79E+00	1.31E+00	3.43E+00	1.22E+00
TCGA_78_7153_01A	9.64E-01	1.66E+00	2.10E+00	9.08E-01	2.02E+00	1.46E+00
TCGA_78_7158_01A	4.36E+00	4.56E+00	3.56E+00	1.04E+00	2.49E+00	1.07E+00
TCGA_78_7159_01A	4.82E+00	4.93E+00	3.75E+00	6.90E-01	2.43E+00	1.25E+00
TCGA_78_7161_01A	3.38E+00	3.69E+00	3.52E+00	5.84E-01	2.09E+00	1.02E+00
TCGA_78_7220_01A	1.05E+01	1.12E+01	7.73E+00	2.01E+00	6.30E+00	1.15E+00
TCGA_83_5908_01A	3.84E+00	3.98E+00	3.32E+00	1.16E+00	1.68E+00	8.24E-01
TCGA_86_6851_01A	1.04E+01	1.13E+01	8.93E+00	1.99E+00	6.99E+00	7.20E-01
TCGA_86_7954_01A	2.74E+00	3.53E+00	3.24E+00	1.16E+00	3.09E+00	1.69E+00
TCGA_86_8056_01A	2.89E+00	3.33E+00	1.69E+00	1.39E+00	2.31E+00	1.31E+00
TCGA_86_8074_01A	4.65E-01	1.46E+00	1.07E+00	4.88E-01	2.05E+00	1.13E+00
TCGA_91_6830_01A	1.00E+00	1.41E+00	1.41E+00	1.38E+00	1.60E+00	4.72E-01
TCGA_91_6836_01A	6.14E+00	7.06E+00	5.59E+00	9.30E-01	3.61E+00	1.51E+00
TCGA_91_6840_01A	6.10E-01	5.25E-01	8.58E-01	1.24E+00	7.95E-01	1.19E+00
TCGA_91_6847_01A	4.74E-01	1.14E+00	1.48E+00	6.98E-01	1.87E+00	1.26E+00
TCGA_95_7039_01A	1.35E+01	1.47E+01	1.12E+01	1.69E+00	7.42E+00	1.97E+00
TCGA_95_7043_01A	1.46E+01	1.56E+01	9.95E+00	1.77E+00	5.52E+00	2.01E+00
TCGA_95_7948_01A	1.00E-02	0.00E+00	0.00E+00	4.56E-01	0.00E+00	4.58E-01
TCGA_95_A4VK_01A	4.95E+00	5.62E+00	3.47E+00	5.29E-01	3.26E+00	1.42E+00
TCGA_95_A4VN_01A	7.18E+00	8.33E+00	5.90E+00	1.11E+00	2.91E+00	1.31E+00
TCGA_95_A4VP_01A	2.65E+00	2.93E+00	2.69E+00	3.50E-01	1.66E+00	8.19E-01
TCGA_97_7547_01A	3.18E+00	3.51E+00	3.18E+00	1.04E+00	1.55E+00	1.13E+00
TCGA_97_7553_01A	6.43E-01	7.60E-01	7.80E-01	2.76E-01	7.43E-01	9.27E-01
TCGA_97_7941_01A	1.88E+00	1.97E+00	1.30E+00	5.28E-01	7.68E-01	6.03E-01
TCGA_97_8175_01A	6.71E-01	6.46E-01	8.49E-01	2.99E-01	8.21E-01	5.88E-01
TCGA_97_A4M0_01A	5.19E+00	6.09E+00	4.53E+00	1.34E+00	3.27E+00	7.59E-01
TCGA_97_A4M1_01A	3.79E-01	5.59E-01	5.91E-01	5.42E-01	7.11E-01	6.27E-01
TCGA_97_A4M3_01A	3.60E+00	3.36E+00	2.99E+00	1.03E+00	1.67E+00	8.97E-01
TCGA_99_7458_01A	6.31E+00	7.37E+00	5.51E+00	9.21E-01	3.85E+00	1.11E+00
TCGA_J2_8194_01A	2.19E+00	2.63E+00	2.84E+00	5.95E-01	2.15E+00	1.20E+00
TCGA_J2_A4AD_01A	2.62E+00	3.51E+00	3.95E+00	1.89E+00	3.47E+00	1.27E+00
TCGA_J2_A4AG_01A	1.97E+00	2.10E+00	1.03E+00	4.86E-01	1.69E+00	8.95E-01
TCGA_L4_A4E5_01A	6.10E+00	5.98E+00	4.80E+00	7.36E-01	3.32E+00	1.28E+00
TCGA_L9_A443_01A	4.58E+00	4.71E+00	3.70E+00	7.97E-01	3.53E+00	9.70E-01
TCGA_L9_A444_01A	1.12E+01	1.20E+01	6.01E+00	1.07E+00	4.15E+00	1.78E+00
TCGA_MP_A4T4_01A	6.44E+00	7.16E+00	5.32E+00	1.01E+00	3.77E+00	1.32E+00
TCGA_MP_A4T9_01A	6.19E-01	1.08E+00	1.04E+00	4.43E-01	1.12E+00	2.70E-01
TCGA_MP_A4TF_01A	6.38E+00	7.25E+00	5.34E+00	1.07E+00	3.46E+00	1.42E+00
TCGA_MP_A4TH_01A	1.72E+00	2.52E+00	2.47E+00	1.89E-01	2.22E+00	1.01E+00
TCGA_NJ_A4YQ_01A	1.19E+01	1.40E+01	9.75E+00	1.45E+00	5.99E+00	1.99E+00
TCGA_NJ_A55O_01A	3.65E+00	3.65E+00	2.13E+00	5.57E-01	1.16E+00	7.01E-01
TCGA_O1_A52J_01A	2.97E+00	3.29E+00	2.32E+00	6.37E-01	2.04E+00	9.86E-01
