MutationType	DBS78A	DBS78B	DBS78C	DBS78D	DBS78E	DBS78F	DBS78G	DBS78H	DBS78I	DBS78J
AC>CA	6.02E-07	7.50E-07	6.42E-07	5.72E-07	1.40E-06	8.33E-07	3.37E-07	7.89E-07	7.03E-07	1.25E-06
AC>CG	6.02E-07	7.50E-07	6.42E-07	5.72E-07	1.40E-06	8.33E-07	3.37E-07	7.89E-07	7.03E-07	1.25E-06
AC>CT	6.02E-07	7.50E-07	6.42E-07	5.72E-07	1.40E-06	8.33E-07	3.37E-07	7.89E-07	7.03E-07	1.25E-06
AC>GA	6.02E-07	7.50E-07	6.42E-07	5.72E-07	1.40E-06	8.33E-07	3.37E-07	7.89E-07	7.03E-07	1.25E-06
AC>GG	6.02E-07	7.50E-07	6.42E-07	5.72E-07	1.40E-06	8.33E-07	3.37E-07	7.89E-07	7.03E-07	1.25E-06
AC>GT	6.02E-07	7.50E-07	6.42E-07	5.72E-07	1.40E-06	8.33E-07	3.37E-07	7.89E-07	7.03E-07	1.25E-06
AC>TA	6.12E-03	2.47E-03	6.11E-03	6.03E-07	1.19E-06	9.26E-07	3.95E-03	6.02E-03	8.75E-07	2.47E-03
AC>TG	6.02E-07	7.50E-07	6.42E-07	5.72E-07	1.40E-06	8.33E-07	3.37E-07	7.89E-07	7.03E-07	1.25E-06
AC>TT	6.90E-07	2.78E-03	6.45E-07	4.27E-03	9.97E-04	3.89E-03	4.96E-07	6.43E-03	4.69E-03	1.80E-03
AT>CA	6.02E-07	7.50E-07	6.42E-07	5.72E-07	1.40E-06	8.33E-07	3.37E-07	7.89E-07	7.03E-07	1.25E-06
AT>CC	6.02E-07	7.50E-07	6.42E-07	5.72E-07	1.40E-06	8.33E-07	3.37E-07	7.89E-07	7.03E-07	1.25E-06
AT>CG	6.02E-07	7.50E-07	6.42E-07	5.72E-07	1.40E-06	8.33E-07	3.37E-07	7.89E-07	7.03E-07	1.25E-06
AT>GA	6.02E-07	7.50E-07	6.42E-07	5.72E-07	1.40E-06	8.33E-07	3.37E-07	7.89E-07	7.03E-07	1.25E-06
AT>GC	6.02E-07	7.50E-07	6.42E-07	5.72E-07	1.40E-06	8.33E-07	3.37E-07	7.89E-07	7.03E-07	1.25E-06
AT>TA	6.94E-07	3.64E-03	6.58E-07	4.33E-03	4.08E-03	3.36E-03	4.00E-03	9.96E-03	8.82E-07	3.56E-03
CC>AA	2.45E-02	2.13E-02	2.06E-02	1.86E-02	2.11E-02	2.05E-02	3.66E-03	1.65E-02	2.09E-02	1.90E-02
CC>AG	6.10E-03	6.08E-03	1.91E-02	2.51E-03	6.25E-03	2.00E-03	3.32E-03	1.22E-02	9.72E-04	1.43E-02
CC>AT	3.47E-03	1.10E-02	2.51E-03	1.15E-02	4.70E-03	2.24E-02	8.35E-06	5.79E-03	7.73E-03	6.56E-03
CC>GA	1.32E-02	4.44E-03	5.69E-03	3.74E-03	1.18E-03	7.07E-03	4.43E-03	7.00E-03	8.65E-03	3.58E-03
CC>GG	6.02E-07	7.50E-07	6.42E-07	5.72E-07	1.40E-06	8.33E-07	3.37E-07	7.89E-07	7.03E-07	1.25E-06
CC>GT	1.74E-03	7.81E-07	1.85E-03	4.93E-03	6.81E-03	8.74E-07	3.47E-03	1.45E-03	8.33E-07	1.29E-06
CC>TA	1.84E-03	1.25E-02	1.91E-03	6.48E-04	1.09E-03	1.05E-02	1.43E-03	7.54E-03	6.71E-03	7.72E-03
CC>TG	6.02E-07	7.50E-07	6.42E-07	5.72E-07	1.40E-06	8.33E-07	3.37E-07	7.89E-07	7.03E-07	1.25E-06
CC>TT	2.82E-03	2.80E-03	7.68E-03	2.94E-03	6.13E-03	2.85E-03	2.09E-02	1.06E-02	7.40E-07	2.48E-03
CG>AT	7.50E-07	3.33E-03	8.46E-03	3.97E-03	3.29E-03	4.95E-03	4.08E-03	1.66E-03	8.40E-03	1.38E-02
CG>GC	6.57E-07	6.94E-07	7.09E-07	5.72E-07	1.41E-06	3.54E-03	1.57E-02	6.45E-07	7.80E-07	1.32E-06
CG>GT	8.00E-04	9.74E-04	8.02E-04	1.54E-02	5.84E-03	6.47E-03	2.22E-03	2.90E-03	2.76E-03	1.35E-06
CG>TA	6.02E-07	7.50E-07	6.42E-07	5.72E-07	1.40E-06	8.33E-07	3.37E-07	7.89E-07	7.03E-07	1.25E-06
CG>TC	6.02E-07	7.50E-07	6.42E-07	5.72E-07	1.40E-06	8.33E-07	3.37E-07	7.89E-07	7.03E-07	1.25E-06
CG>TT	1.73E-03	2.85E-03	1.54E-03	1.72E-02	6.54E-03	5.77E-03	2.13E-03	4.49E-03	5.84E-03	2.63E-03
CT>AA	5.26E-03	6.27E-03	4.27E-04	4.16E-03	4.27E-03	8.00E-03	5.21E-03	4.24E-03	2.00E-02	2.56E-06
CT>AC	6.02E-07	7.50E-07	6.42E-07	5.72E-07	1.40E-06	8.33E-07	3.37E-07	7.89E-07	7.03E-07	1.25E-06
CT>AG	2.09E-03	1.69E-03	5.48E-03	6.73E-07	1.43E-03	4.34E-05	4.11E-03	1.54E-06	8.00E-04	2.25E-02
CT>GA	6.02E-07	7.50E-07	6.42E-07	5.72E-07	1.40E-06	8.33E-07	3.37E-07	7.89E-07	7.03E-07	1.25E-06
CT>GC	6.02E-07	7.50E-07	6.42E-07	5.72E-07	1.40E-06	8.33E-07	3.37E-07	7.89E-07	7.03E-07	1.25E-06
CT>GG	6.02E-07	7.50E-07	6.42E-07	5.72E-07	1.40E-06	8.33E-07	3.37E-07	7.89E-07	7.03E-07	1.25E-06
CT>TA	6.00E-03	5.61E-07	6.43E-03	6.43E-07	1.01E-06	1.06E-06	1.67E-02	2.11E-03	8.32E-07	4.92E-03
CT>TC	6.02E-07	7.50E-07	6.42E-07	5.72E-07	1.40E-06	8.33E-07	3.37E-07	7.89E-07	7.03E-07	1.25E-06
CT>TG	6.02E-07	7.50E-07	6.42E-07	5.72E-07	1.40E-06	8.33E-07	3.37E-07	7.89E-07	7.03E-07	1.25E-06
GC>AA	1.71E-03	1.75E-03	4.90E-03	2.05E-03	3.71E-03	4.37E-03	7.76E-03	2.19E-02	3.92E-03	4.34E-03
GC>AG	6.02E-07	7.50E-07	6.42E-07	5.72E-07	1.40E-06	8.33E-07	3.37E-07	7.89E-07	7.03E-07	1.25E-06
GC>AT	6.02E-07	7.50E-07	6.42E-07	5.72E-07	1.40E-06	8.33E-07	3.37E-07	7.89E-07	7.03E-07	1.25E-06
GC>CA	3.36E-03	2.19E-03	6.71E-07	5.75E-03	3.77E-03	4.98E-03	4.41E-07	8.53E-07	2.80E-03	2.80E-03
GC>CG	6.02E-07	7.50E-07	6.42E-07	5.72E-07	1.40E-06	8.33E-07	3.37E-07	7.89E-07	7.03E-07	1.25E-06
GC>TA	6.02E-07	7.50E-07	6.42E-07	5.72E-07	1.40E-06	8.33E-07	3.37E-07	7.89E-07	7.03E-07	1.25E-06
TA>AT	6.02E-07	7.50E-07	6.42E-07	5.72E-07	1.40E-06	8.33E-07	3.37E-07	7.89E-07	7.03E-07	1.25E-06
TA>CG	6.02E-07	7.50E-07	6.42E-07	5.72E-07	1.40E-06	8.33E-07	3.37E-07	7.89E-07	7.03E-07	1.25E-06
TA>CT	6.02E-07	7.50E-07	6.42E-07	5.72E-07	1.40E-06	8.33E-07	3.37E-07	7.89E-07	7.03E-07	1.25E-06
TA>GC	6.02E-07	7.50E-07	6.42E-07	5.72E-07	1.40E-06	8.33E-07	3.37E-07	7.89E-07	7.03E-07	1.25E-06
TA>GG	6.02E-07	7.50E-07	6.42E-07	5.72E-07	1.40E-06	8.33E-07	3.37E-07	7.89E-07	7.03E-07	1.25E-06
TA>GT	6.02E-07	7.50E-07	6.42E-07	5.72E-07	1.40E-06	8.33E-07	3.37E-07	7.89E-07	7.03E-07	1.25E-06
TC>AA	4.92E-04	1.39E-03	1.72E-03	9.14E-03	1.12E-02	6.26E-03	4.09E-03	4.59E-03	3.05E-03	5.45E-03
TC>AG	8.47E-04	7.70E-07	1.82E-03	4.97E-03	6.54E-03	8.05E-07	3.65E-03	1.95E-03	8.46E-07	1.43E-03
TC>AT	1.46E-03	2.38E-03	7.56E-07	4.29E-03	7.21E-03	6.83E-04	1.68E-03	8.92E-03	1.46E-02	2.97E-03
TC>CA	6.15E-03	5.62E-03	3.49E-03	1.45E-03	1.50E-03	8.72E-07	5.40E-07	1.70E-03	8.56E-07	1.04E-02
TC>CG	6.02E-07	7.50E-07	6.42E-07	5.72E-07	1.40E-06	8.33E-07	3.37E-07	7.89E-07	7.03E-07	1.25E-06
TC>CT	2.80E-03	7.89E-03	3.99E-03	5.83E-03	4.30E-03	4.12E-03	2.72E-03	9.44E-07	4.79E-03	1.76E-03
TC>GA	6.02E-07	7.50E-07	6.42E-07	5.72E-07	1.40E-06	8.33E-07	3.37E-07	7.89E-07	7.03E-07	1.25E-06
TC>GG	6.02E-07	7.50E-07	6.42E-07	5.72E-07	1.40E-06	8.33E-07	3.37E-07	7.89E-07	7.03E-07	1.25E-06
TC>GT	6.02E-07	7.50E-07	6.42E-07	5.72E-07	1.40E-06	8.33E-07	3.37E-07	7.89E-07	7.03E-07	1.25E-06
TG>AA	1.34E-03	6.85E-03	5.98E-03	1.08E-02	5.46E-03	1.13E-02	3.47E-03	1.57E-02	1.46E-02	2.44E-02
TG>AC	6.02E-07	7.50E-07	6.42E-07	5.72E-07	1.40E-06	8.33E-07	3.37E-07	7.89E-07	7.03E-07	1.25E-06
TG>AT	8.15E-07	2.82E-03	2.69E-03	3.96E-03	6.61E-03	3.19E-03	1.64E-02	8.95E-03	6.80E-04	2.85E-03
TG>CA	6.02E-07	7.50E-07	6.42E-07	5.72E-07	1.40E-06	8.33E-07	3.37E-07	7.89E-07	7.03E-07	1.25E-06
TG>CC	6.02E-07	7.50E-07	6.42E-07	5.72E-07	1.40E-06	8.33E-07	3.37E-07	7.89E-07	7.03E-07	1.25E-06
TG>CT	1.68E-03	1.20E-02	3.98E-03	7.04E-03	4.07E-03	6.98E-03	7.30E-03	9.97E-03	4.56E-03	1.60E-02
TG>GA	6.02E-07	7.50E-07	6.42E-07	5.72E-07	1.40E-06	8.33E-07	3.37E-07	7.89E-07	7.03E-07	1.25E-06
TG>GC	6.02E-07	7.50E-07	6.42E-07	5.72E-07	1.40E-06	8.33E-07	3.37E-07	7.89E-07	7.03E-07	1.25E-06
TG>GT	6.02E-07	7.50E-07	6.42E-07	5.72E-07	1.40E-06	8.33E-07	3.37E-07	7.89E-07	7.03E-07	1.25E-06
TT>AA	6.02E-07	7.50E-07	6.42E-07	5.72E-07	1.40E-06	8.33E-07	3.37E-07	7.89E-07	7.03E-07	1.25E-06
TT>AC	6.02E-07	7.50E-07	6.42E-07	5.72E-07	1.40E-06	8.33E-07	3.37E-07	7.89E-07	7.03E-07	1.25E-06
TT>AG	3.00E-03	5.04E-03	4.27E-04	6.78E-07	3.55E-03	3.19E-03	4.34E-07	3.09E-03	3.70E-03	3.17E-03
TT>CA	6.02E-07	7.50E-07	6.42E-07	5.72E-07	1.40E-06	8.33E-07	3.37E-07	7.89E-07	7.03E-07	1.25E-06
TT>CC	6.02E-07	7.50E-07	6.42E-07	5.72E-07	1.40E-06	8.33E-07	3.37E-07	7.89E-07	7.03E-07	1.25E-06
TT>CG	6.02E-07	7.50E-07	6.42E-07	5.72E-07	1.40E-06	8.33E-07	3.37E-07	7.89E-07	7.03E-07	1.25E-06
TT>GA	6.02E-07	7.50E-07	6.42E-07	5.72E-07	1.40E-06	8.33E-07	3.37E-07	7.89E-07	7.03E-07	1.25E-06
TT>GC	6.02E-07	7.50E-07	6.42E-07	5.72E-07	1.40E-06	8.33E-07	3.37E-07	7.89E-07	7.03E-07	1.25E-06
TT>GG	6.02E-07	7.50E-07	6.42E-07	5.72E-07	1.40E-06	8.33E-07	3.37E-07	7.89E-07	7.03E-07	1.25E-06
