MutationType	DBS78A	DBS78B	DBS78C	DBS78D	DBS78E	DBS78F	DBS78G	DBS78H	DBS78I
AC>CA	0.00017025276213018968	0.0026830992841252056	0.014419345171075406	0.0018555190965295766	0.01596391470813046	0.00929233168454914	0.010035534252698425	0.010269030997416629	0.014186920936386117
AC>CG	1.3004206402911223e-05	9.57826458488853e-06	1.4228143536456628e-05	2.23139669833472e-05	1.3268663767007639e-05	1.8274791241310595e-05	1.9274203808663514e-05	1.9606854630183078e-05	1.576460090063847e-05
AC>CT	0.00025244761372619	0.0005376905934892307	0.005070267182408941	0.006722186175177285	0.005067461302836022	0.011199070001065365	0.0051770730914347494	0.005587453072987216	0.010733585345531083
AC>GA	0.00018873980643320466	0.0033787976708862287	0.004795691015499415	0.002384779019794223	0.004533347751325181	0.0063118975471024895	0.004542729605731779	0.005285737526821777	0.005100465188235716
AC>GG	1.3004206402911223e-05	9.57826458488853e-06	1.4228143536456628e-05	2.23139669833472e-05	1.3268663767007639e-05	1.8274791241310595e-05	1.9274203808663514e-05	1.9606854630183078e-05	1.576460090063847e-05
AC>GT	1.3004206402911223e-05	9.57826458488853e-06	1.4228143536456628e-05	2.23139669833472e-05	1.3268663767007639e-05	1.8274791241310595e-05	1.9274203808663514e-05	1.9606854630183078e-05	1.576460090063847e-05
AC>TA	5.711066767730699e-06	0.004279406887158927	0.005939208848204771	0.0052581877698753485	0.009690035253613019	0.0026194464782724938	0.013771357881631729	0.019673274165988915	0.0034161546196011727
AC>TG	1.3004206402911223e-05	9.57826458488853e-06	1.4228143536456628e-05	2.23139669833472e-05	1.3268663767007639e-05	1.8274791241310595e-05	1.9274203808663514e-05	1.9606854630183078e-05	1.576460090063847e-05
AC>TT	0.00013998776310018002	0.003731421929219039	0.002289900314379452	0.0009010594484402646	0.004144984603957909	0.009803066684121405	0.002821498615153359	0.00282345464735954	0.013849191666531624
AT>CA	1.3004206402911223e-05	9.57826458488853e-06	1.4228143536456628e-05	2.23139669833472e-05	1.3268663767007639e-05	1.8274791241310595e-05	1.9274203808663514e-05	1.9606854630183078e-05	1.576460090063847e-05
AT>CC	1.3004206402911223e-05	9.57826458488853e-06	1.4228143536456628e-05	2.23139669833472e-05	1.3268663767007639e-05	1.8274791241310595e-05	1.9274203808663514e-05	1.9606854630183078e-05	1.576460090063847e-05
AT>CG	1.3004206402911223e-05	9.57826458488853e-06	1.4228143536456628e-05	2.23139669833472e-05	1.3268663767007639e-05	1.8274791241310595e-05	1.9274203808663514e-05	1.9606854630183078e-05	1.576460090063847e-05
AT>GA	0.00014081435820571643	0.001249146500210827	0.002251414468074806	0.0009981494233409194	0.0025352973038619098	0.0026735319554120453	0.0045909449022417444	0.009436630456573312	0.00019350728863855692
AT>GC	1.3004206402911223e-05	9.57826458488853e-06	1.4228143536456628e-05	2.23139669833472e-05	1.3268663767007639e-05	1.8274791241310595e-05	1.9274203808663514e-05	1.9606854630183078e-05	1.576460090063847e-05
AT>TA	1.3004206402911223e-05	9.57826458488853e-06	1.4228143536456628e-05	2.23139669833472e-05	1.3268663767007639e-05	1.8274791241310595e-05	1.9274203808663514e-05	1.9606854630183078e-05	1.576460090063847e-05
CC>AA	0.9842064476013184	0.01866504557122539	0.022360104833096556	2.5780006646130004e-05	0.09404017627052713	0.020832290478269365	0.007605621791838075	0.019313666904449942	0.06819291777366515
CC>AG	9.42191269767109e-07	0.0043455954495242415	6.051603061642183e-06	0.7033760351053934	0.0025467346652125263	1.2834938453063394e-05	8.319115203562437e-06	0.003044148630634963	1.1113888553893715e-05
CC>AT	9.91565892435923e-07	0.6846057480573654	5.1911435377870274e-06	0.0015196616368008857	0.007233229545544309	0.008337375758704493	1.380898543908263e-05	0.003446966389240023	0.015865929417993856
CC>GA	3.5429737177139497e-06	0.010748308599949479	0.022540210195194258	0.01622265443865403	0.044856356638116296	0.13885820098789226	0.01591722820887012	0.027913441616769986	0.03798181474929192
CC>GG	0.0009549820049971913	0.004665781368850332	0.010623660345516726	0.009088164785977142	0.010709805179191961	0.024404710046456727	0.017672663523555343	0.012174255561542396	0.011256846058612466
CC>GT	0.00013790629413222178	0.0031309450879500565	0.00654555594923977	0.0050678652705050805	0.010590869945623353	0.012023839737155794	0.013068933797160866	0.007906442747278107	0.008477413553894485
CC>TA	0.0001224109732153033	0.014734305534816427	0.014834400444059516	0.018121435211634042	0.027660247565668074	0.016942649999456303	0.021884310461796355	0.04471192581671956	0.03762112240158362
CC>TG	0.00020179330717922994	0.00216781295486067	0.014437901015931998	0.009094502987450142	0.020252820452267315	0.006412908341476395	0.028168554121953092	0.030938009537081826	0.010367374497235106
CC>TT	0.0004578941960115695	0.01507163411304243	0.005237640852831746	0.003184067118432631	0.005103224442691452	0.008307674792292205	0.01562439852066639	0.02207156654692261	0.3033216163556731
CG>AT	0.0001763129748007941	0.003646328767755449	0.0016588668122119543	0.004997805183361379	0.006231909507765536	0.005491468592101114	0.0044475810223866576	0.0061660637652312285	0.011940890418588878
CG>GC	0.00011650023166339452	0.0012561030470999413	0.0013730998640244252	0.005915914519855505	0.0019317463788945588	0.0038936418870184754	0.0018000188409413908	0.002505973572632456	0.0012094560753837414
CG>GT	0.0005985123287712213	0.0031535326245606754	0.021241200859448098	0.0008836183937296501	0.016871967756917457	0.016567095528226047	0.0028093557504718313	0.010051528000149119	0.014088418314262299
CG>TA	1.3004206402911223e-05	9.57826458488853e-06	1.4228143536456628e-05	2.23139669833472e-05	1.3268663767007639e-05	1.8274791241310595e-05	1.9274203808663514e-05	1.9606854630183078e-05	1.576460090063847e-05
CG>TC	0.0019878794320575266	0.03180234529493525	0.0007590845265957577	0.004317219816310071	0.044286329656709714	0.02039320903354227	0.013948083771969206	0.018560409991624168	0.022345522672780182
CG>TT	0.0002794542459377797	0.011387186204887892	0.011913459607565607	0.013784374040661013	0.003947551079735987	0.0028104332067654747	0.33976880146490546	0.02174186323937919	0.006377225370358215
CT>AA	3.807324531534063e-06	0.005763594516267858	0.015722289523437273	0.022766307652505747	0.2684422894772422	0.006607181274580344	0.03686411984375296	0.013489446037945765	0.01269431853920807
CT>AC	3.695673431366231e-05	0.0017751961360568203	0.002281750734276784	0.00024181402591050727	0.0036561003445015673	0.0032140197439071015	0.007298272381681272	0.00048191991383873757	0.00533130204975123
CT>AG	0.0010081115772760541	0.004731680418920235	0.005031972791094113	0.016068651635806078	0.025009509615106822	0.0077355143886366304	0.00520222938536854	0.014170133880998036	0.006182960672846889
CT>GA	8.838016574372887e-05	0.0010852495998699397	0.0007762665253267187	0.0004321287198581558	0.0011988429178205707	0.003643960405432267	0.002249376256204414	0.014247897446297201	0.001659355215438154
CT>GC	1.3004206402911223e-05	9.57826458488853e-06	1.4228143536456628e-05	2.23139669833472e-05	1.3268663767007639e-05	1.8274791241310595e-05	1.9274203808663514e-05	1.9606854630183078e-05	1.576460090063847e-05
CT>GG	9.614402389388487e-06	0.0009391946616156087	0.003645472948862789	0.00015682111875321426	0.006796266530400317	0.005580531629147459	0.0008685984302596239	0.001961449801906383	0.003950764454291402
CT>TA	0.0001824289687710881	0.006161447511893812	0.017742700108074983	0.005910037791761216	0.033181655503559074	0.04651587331285513	0.04800086468931414	0.012198826069524897	0.039617860474449935
CT>TC	1.3004206402911223e-05	9.57826458488853e-06	1.4228143536456628e-05	2.23139669833472e-05	1.3268663767007639e-05	1.8274791241310595e-05	1.9274203808663514e-05	1.9606854630183078e-05	1.576460090063847e-05
CT>TG	6.441707294229104e-06	0.0018783302640213151	0.011112782901913079	0.00034933273049148284	0.010045086469434921	0.01805310219595526	0.006430540939278444	0.003327547054099398	0.012839614751492725
GC>AA	1.7444808440733752e-06	0.03100342448865472	0.01864837495845595	0.014657389560382286	0.0006809867633173123	0.003708110887538993	0.024728177938094915	0.3463311754162301	0.0014572121277034104
GC>AG	0.0003397309964498163	0.004472023485045043	0.021685254559523626	0.004561544282302066	0.008899429165477445	0.01212680456333601	0.029102056331340692	0.011718586705513019	0.01464633187111076
GC>AT	0.00015516599982760227	0.00607010632510331	0.010208724817846928	0.0033532701344257455	0.004860000401936304	0.011711890829499704	0.0047776897917617585	0.014044989194687219	0.00901464627177802
GC>CA	0.0018975097079089404	0.011746875163861067	0.008678071230637272	0.006409361651081239	0.02209060293459191	0.017334248080603017	0.017381776519630802	0.028463734642451756	0.012093577118678431
GC>CG	1.3004206402911223e-05	9.57826458488853e-06	1.4228143536456628e-05	2.23139669833472e-05	1.3268663767007639e-05	1.8274791241310595e-05	1.9274203808663514e-05	1.9606854630183078e-05	1.576460090063847e-05
GC>TA	0.0002446201263524017	0.0015742273885666692	0.004739215301719923	0.0022363960062295974	0.0020373329766763958	0.0033256222874467768	0.001246215382260516	0.003258674752526076	0.0021827755856338627
TA>AT	3.6514028645342476e-05	0.0008012991155959526	0.0019208003995430545	0.0004946776156339183	0.006976082160020951	0.0026907393973328907	0.004958332357651899	0.0014756443792782647	0.0065673475888399935
TA>CG	1.3004206402911223e-05	9.57826458488853e-06	1.4228143536456628e-05	2.23139669833472e-05	1.3268663767007639e-05	1.8274791241310595e-05	1.9274203808663514e-05	1.9606854630183078e-05	1.576460090063847e-05
TA>CT	1.1436079180384695e-05	0.001226473235406047	0.0022366716256749636	1.6779521606622437e-05	0.002217307806821651	0.004304821452902843	0.0060641473536293235	0.0002950849441594983	0.005102293120421564
TA>GC	1.3004206402911223e-05	9.57826458488853e-06	1.4228143536456628e-05	2.23139669833472e-05	1.3268663767007639e-05	1.8274791241310595e-05	1.9274203808663514e-05	1.9606854630183078e-05	1.576460090063847e-05
TA>GG	1.3004206402911223e-05	9.57826458488853e-06	1.4228143536456628e-05	2.23139669833472e-05	1.3268663767007639e-05	1.8274791241310595e-05	1.9274203808663514e-05	1.9606854630183078e-05	1.576460090063847e-05
TA>GT	0.00017532575624912283	0.004364403116042013	0.0054982006517496984	0.0030473022641967873	0.0028158912549366734	0.011480968505230749	0.0050185433302880255	0.007668487530713719	0.005297189512064335
TC>AA	2.5328292114918054e-06	0.00854523001344123	0.03178224515394698	0.01646869601647635	0.04246202318407402	0.0867123760372996	0.09429293941499667	0.04680197652871834	0.03743919519113895
TC>AG	9.869820797259963e-05	0.003073935945599118	0.00922043429819098	0.009229058733055512	0.019191087798070897	0.0044324357516609325	0.009374387234967117	0.01995803191547686	0.016844039474697575
TC>AT	0.0003155246802168676	0.0003050855593168933	0.013787314704458885	0.0037472705786166217	0.009778095217596388	0.009053538854081467	0.01093970754073379	0.0219602549964614	0.02776926670418169
TC>CA	4.917344846943339e-06	0.005314708052366796	0.008545232055675455	0.008874939404506677	0.009519544309650456	0.023600868805342543	0.008653703575792804	0.023901619260182087	0.014503232344968637
TC>CG	1.3004206402911223e-05	9.57826458488853e-06	1.4228143536456628e-05	2.23139669833472e-05	1.3268663767007639e-05	1.8274791241310595e-05	1.9274203808663514e-05	1.9606854630183078e-05	1.576460090063847e-05
TC>CT	0.0007174262133372622	0.0055713624250527975	0.010236114229483955	0.0046465860961108045	0.014847409771868315	0.03675706086970131	0.012493021299387692	0.01811991795419075	0.026904371810871623
TC>GA	9.886278844533081e-05	0.0019130922875837087	0.003305869286918437	0.00200295426572211	0.001236928112960527	0.0027654240276922338	0.0019594079846757496	0.00391339397127922	0.0030981647636895105
TC>GG	6.413218123725528e-05	0.0015430158535821193	0.004829778868503922	0.00026954682394489296	0.0027399425541551636	0.005900513102588434	0.0019533465195820552	0.004708006644136731	0.003876174577467282
TC>GT	0.0005166503944656143	0.0032115442319366138	0.0004505507249430707	0.0009563859482466341	0.01015119646519679	0.0007417826031280583	1.6095465530270302e-05	0.0017931752197227978	0.0005667794770971568
TG>AA	1.6321797805174399e-06	0.008280967610501911	0.0218887120032932	0.0032170754775268052	0.026780089681870813	0.05236034095603895	0.010256022390955834	0.027298479942044963	0.04360418495193585
TG>AC	9.829381367794099e-06	0.0009812864161264656	0.0015093929227634846	0.001316907016943105	0.002485817339706955	0.002321700865271623	0.007097365999443355	0.003663111740729619	0.004020829395923329
TG>AT	1.996601009454471e-06	0.016485048052866203	0.0118435052350029	0.004429364120290868	0.033333643586410895	0.22234814016705237	0.05724995841517412	6.561325785470332e-06	0.026871874437756807
TG>CA	1.1664614235087356e-05	0.0001649894806197949	0.004213792640138081	1.719633941348775e-05	0.0030226908388235074	0.007614931565374263	0.003612433030307045	0.0014385159580319851	0.0017865308127500157
TG>CC	1.3004206402911223e-05	9.57826458488853e-06	1.4228143536456628e-05	2.23139669833472e-05	1.3268663767007639e-05	1.8274791241310595e-05	1.9274203808663514e-05	1.9606854630183078e-05	1.576460090063847e-05
TG>CT	4.869921272006396e-07	0.00415076338917453	0.5471310437470674	0.014491513298837622	0.00435588151119751	0.007358629787642018	0.005395222832594571	0.0030420319187260225	0.0043609194021137915
TG>GA	9.004396278237792e-05	0.005345262181646426	0.007758706078440412	0.005874150197740278	0.008399785137991103	0.0177373789122902	0.00368464069230237	0.012769636649480845	0.007576222962192105
TG>GC	1.3004206402911223e-05	9.57826458488853e-06	1.4228143536456628e-05	2.23139669833472e-05	1.3268663767007639e-05	1.8274791241310595e-05	1.9274203808663514e-05	1.9606854630183078e-05	1.576460090063847e-05
TG>GT	0.0026651857471347283	0.007263803379399858	0.0028260710205415553	0.01519969069978912	0.0324904179916251	0.011283408254361698	0.006244305376421817	0.018635187220853028	0.016591040286085493
TT>AA	0.0003040007429370917	0.005990164780073712	0.006544193377319516	0.008546045285896753	0.026123620525766	0.01001933793442845	0.015125150425699872	0.019776665631679825	0.012582899361776787
TT>AC	5.939455415557404e-05	0.004461734836084901	0.005762616550279347	0.002301769790930166	0.003088662677995444	0.0030646989268473136	0.012513460249778063	0.005755344500696538	0.004521982649594065
TT>AG	1.02136627742766e-05	0.0017006786632737204	0.002416315915052678	0.00033781609016841685	0.004090910028606913	0.00601393609499155	0.0014749296765930353	0.003053869432500278	0.0026069599528943856
TT>CA	0.0003762411174676572	0.006248934360063103	0.006931421518943921	0.0022961106155901232	0.002436363553287748	0.0022082549417800834	0.0068194273315759805	0.0027289442799281003	0.0077024456556716815
TT>CC	1.3004206402911223e-05	9.57826458488853e-06	1.4228143536456628e-05	2.23139669833472e-05	1.3268663767007639e-05	1.8274791241310595e-05	1.9274203808663514e-05	1.9606854630183078e-05	1.576460090063847e-05
TT>CG	1.3004206402911223e-05	9.57826458488853e-06	1.4228143536456628e-05	2.23139669833472e-05	1.3268663767007639e-05	1.8274791241310595e-05	1.9274203808663514e-05	1.9606854630183078e-05	1.576460090063847e-05
TT>GA	1.0184869940985664e-05	0.00039438024240439517	0.0004586698248749599	0.0008429412745522314	0.00605531574072117	0.00206387017124257	0.006533447534206971	0.0034688914193816344	0.0012353132603061567
TT>GC	1.3004206512050586e-05	9.578264572951411e-06	1.4228143336936228e-05	2.2313966946967413e-05	1.3268663781786927e-05	1.8274791277690382e-05	1.9274203590384787e-05	1.9606854498306347e-05	1.5764600805141525e-05
TT>GG	1.3004206512050586e-05	9.578264572951411e-06	1.4228143336936228e-05	2.2313966946967413e-05	1.3268663781786927e-05	1.8274791277690382e-05	1.9274203590384787e-05	1.9606854498306347e-05	1.5764600805141525e-05
