MutationType	DBS78A	DBS78B	DBS78C	DBS78D	DBS78E	DBS78F	DBS78G	DBS78H	DBS78I
AC>CA	9.86E-05	1.30E-03	2.62E-03	6.53E-04	3.97E-03	3.12E-03	3.17E-03	3.49E-03	3.68E-03
AC>CG	9.44E-08	4.03E-07	4.76E-07	3.54E-07	6.93E-07	6.18E-07	5.47E-07	5.81E-07	5.83E-07
AC>CT	1.26E-04	3.20E-04	1.70E-03	1.60E-03	2.20E-03	2.77E-03	1.99E-03	2.19E-03	2.83E-03
AC>GA	1.36E-04	1.23E-03	1.46E-03	1.03E-03	1.88E-03	1.87E-03	2.60E-03	1.74E-03	1.98E-03
AC>GG	9.44E-08	4.03E-07	4.76E-07	3.54E-07	6.93E-07	6.18E-07	5.47E-07	5.81E-07	5.83E-07
AC>GT	9.44E-08	4.03E-07	4.76E-07	3.54E-07	6.93E-07	6.18E-07	5.47E-07	5.81E-07	5.83E-07
AC>TA	3.34E-07	1.14E-03	1.71E-03	1.63E-03	3.03E-03	1.18E-03	4.30E-03	3.61E-03	1.78E-03
AC>TG	9.44E-08	4.03E-07	4.76E-07	3.54E-07	6.93E-07	6.18E-07	5.47E-07	5.81E-07	5.83E-07
AC>TT	1.30E-04	1.07E-03	8.90E-04	4.00E-04	1.36E-03	2.32E-03	9.67E-04	2.36E-03	3.28E-03
AT>CA	9.44E-08	4.03E-07	4.76E-07	3.54E-07	6.93E-07	6.18E-07	5.47E-07	5.81E-07	5.83E-07
AT>CC	9.44E-08	4.03E-07	4.76E-07	3.54E-07	6.93E-07	6.18E-07	5.47E-07	5.81E-07	5.83E-07
AT>CG	9.44E-08	4.03E-07	4.76E-07	3.54E-07	6.93E-07	6.18E-07	5.47E-07	5.81E-07	5.83E-07
AT>GA	6.73E-05	6.57E-04	1.00E-03	6.07E-04	1.12E-03	1.16E-03	1.71E-03	1.58E-03	1.81E-04
AT>GC	9.44E-08	4.03E-07	4.76E-07	3.54E-07	6.93E-07	6.18E-07	5.47E-07	5.81E-07	5.83E-07
AT>TA	9.44E-08	4.03E-07	4.76E-07	3.54E-07	6.93E-07	6.18E-07	5.47E-07	5.81E-07	5.83E-07
CC>AA	1.70E-03	7.82E-03	9.48E-03	3.14E-06	1.70E-02	7.87E-03	5.33E-03	9.37E-03	1.52E-02
CC>AG	2.08E-07	4.34E-03	1.15E-06	1.50E-02	1.79E-03	2.06E-06	1.06E-06	3.04E-03	1.44E-06
CC>AT	2.05E-07	1.32E-02	8.89E-07	1.51E-03	3.16E-03	4.43E-03	2.76E-06	2.71E-03	7.19E-03
CC>GA	3.90E-07	4.10E-03	7.66E-03	6.01E-03	1.08E-02	1.90E-02	6.48E-03	9.76E-03	1.01E-02
CC>GG	3.90E-04	1.81E-03	3.07E-03	2.74E-03	3.43E-03	6.37E-03	3.92E-03	3.40E-03	2.63E-03
CC>GT	1.31E-04	1.32E-03	2.07E-03	1.95E-03	3.52E-03	2.85E-03	3.71E-03	2.63E-03	2.61E-03
CC>TA	8.50E-05	3.65E-03	4.19E-03	4.30E-03	8.27E-03	6.76E-03	6.50E-03	1.17E-02	9.85E-03
CC>TG	1.02E-04	1.44E-03	3.85E-03	2.76E-03	5.47E-03	3.38E-03	6.27E-03	6.91E-03	3.39E-03
CC>TT	4.57E-04	5.05E-03	2.99E-03	2.30E-03	3.65E-03	4.07E-03	6.86E-03	8.15E-03	2.18E-02
CG>AT	6.67E-05	1.20E-03	8.62E-04	1.44E-03	1.88E-03	1.95E-03	1.81E-03	2.43E-03	2.61E-03
CG>GC	5.21E-05	5.41E-04	7.90E-04	1.20E-03	8.39E-04	1.45E-03	1.04E-03	1.05E-03	1.02E-03
CG>GT	2.41E-04	1.34E-03	3.35E-03	4.52E-04	3.58E-03	3.76E-03	1.09E-03	4.05E-03	3.72E-03
CG>TA	9.44E-08	4.03E-07	4.76E-07	3.54E-07	6.93E-07	6.18E-07	5.47E-07	5.81E-07	5.83E-07
CG>TC	5.60E-04	4.86E-03	4.64E-04	2.32E-03	9.44E-03	6.50E-03	6.55E-03	5.88E-03	6.67E-03
CG>TT	2.78E-04	5.84E-03	5.48E-03	5.71E-03	2.93E-03	1.82E-03	2.08E-02	7.78E-03	3.77E-03
CT>AA	6.38E-07	2.88E-03	5.48E-03	6.46E-03	2.32E-02	3.32E-03	1.09E-02	6.65E-03	6.05E-03
CT>AC	2.60E-05	6.79E-04	8.34E-04	2.25E-04	1.59E-03	1.13E-03	2.13E-03	4.65E-04	1.37E-03
CT>AG	2.61E-04	1.62E-03	1.66E-03	2.97E-03	5.21E-03	2.98E-03	2.05E-03	4.99E-03	2.48E-03
CT>GA	7.95E-05	4.24E-04	3.39E-04	2.37E-04	6.86E-04	1.37E-03	1.21E-03	2.14E-03	9.73E-04
CT>GC	9.44E-08	4.03E-07	4.76E-07	3.54E-07	6.93E-07	6.18E-07	5.47E-07	5.81E-07	5.83E-07
CT>GG	3.36E-07	5.77E-04	1.11E-03	1.40E-04	1.76E-03	1.67E-03	4.98E-04	1.36E-03	1.27E-03
CT>TA	1.79E-04	2.53E-03	4.59E-03	2.70E-03	9.48E-03	9.28E-03	1.02E-02	5.08E-03	9.73E-03
CT>TC	9.44E-08	4.03E-07	4.76E-07	3.54E-07	6.93E-07	6.18E-07	5.47E-07	5.81E-07	5.83E-07
CT>TG	3.02E-07	9.71E-04	2.34E-03	2.48E-04	2.44E-03	3.54E-03	1.89E-03	1.38E-03	3.25E-03
GC>AA	5.83E-07	8.65E-03	7.50E-03	6.58E-03	6.74E-04	3.70E-03	8.44E-03	2.62E-02	1.45E-03
GC>AG	1.84E-04	1.81E-03	4.75E-03	1.45E-03	3.42E-03	4.15E-03	5.63E-03	4.26E-03	5.14E-03
GC>AT	1.07E-04	1.50E-03	2.88E-03	1.38E-03	1.91E-03	3.62E-03	2.17E-03	3.99E-03	2.65E-03
GC>CA	4.11E-04	2.59E-03	3.49E-03	3.50E-03	5.21E-03	5.12E-03	5.10E-03	8.02E-03	4.29E-03
GC>CG	9.44E-08	4.03E-07	4.76E-07	3.54E-07	6.93E-07	6.18E-07	5.47E-07	5.81E-07	5.83E-07
GC>TA	9.84E-05	6.27E-04	1.36E-03	7.52E-04	7.75E-04	1.38E-03	9.12E-04	1.37E-03	1.01E-03
TA>AT	2.62E-05	4.93E-04	7.63E-04	3.62E-04	1.62E-03	9.53E-04	1.57E-03	7.11E-04	2.20E-03
TA>CG	9.44E-08	4.03E-07	4.76E-07	3.54E-07	6.93E-07	6.18E-07	5.47E-07	5.81E-07	5.83E-07
TA>CT	3.83E-07	5.63E-04	1.21E-03	6.85E-07	9.49E-04	1.41E-03	1.50E-03	2.78E-04	1.34E-03
TA>GC	9.44E-08	4.03E-07	4.76E-07	3.54E-07	6.93E-07	6.18E-07	5.47E-07	5.81E-07	5.83E-07
TA>GG	9.44E-08	4.03E-07	4.76E-07	3.54E-07	6.93E-07	6.18E-07	5.47E-07	5.81E-07	5.83E-07
TA>GT	7.64E-05	1.31E-03	1.53E-03	1.02E-03	1.17E-03	2.56E-03	2.32E-03	1.71E-03	2.01E-03
TC>AA	3.76E-07	3.91E-03	9.19E-03	6.11E-03	1.30E-02	1.81E-02	1.67E-02	1.28E-02	1.09E-02
TC>AG	5.06E-05	1.11E-03	2.42E-03	3.08E-03	4.55E-03	2.11E-03	4.56E-03	5.04E-03	3.97E-03
TC>AT	1.88E-04	2.99E-04	2.99E-03	1.69E-03	3.63E-03	3.16E-03	3.14E-03	4.74E-03	5.74E-03
TC>CA	3.51E-07	1.81E-03	2.46E-03	2.37E-03	3.85E-03	5.65E-03	3.21E-03	4.90E-03	4.15E-03
TC>CG	9.44E-08	4.03E-07	4.76E-07	3.54E-07	6.93E-07	6.18E-07	5.47E-07	5.81E-07	5.83E-07
TC>CT	3.74E-04	2.33E-03	2.91E-03	2.01E-03	4.14E-03	6.68E-03	4.51E-03	5.62E-03	7.41E-03
TC>GA	6.75E-05	7.08E-04	1.08E-03	9.00E-04	6.41E-04	9.25E-04	1.44E-03	1.37E-03	1.17E-03
TC>GG	5.45E-05	6.77E-04	1.74E-03	1.79E-04	1.25E-03	2.02E-03	1.20E-03	1.53E-03	1.24E-03
TC>GT	1.44E-04	7.88E-04	4.41E-04	9.41E-04	2.19E-03	5.51E-04	1.63E-06	1.21E-03	5.55E-04
TG>AA	2.24E-07	3.17E-03	6.27E-03	2.10E-03	6.56E-03	1.06E-02	4.02E-03	6.99E-03	8.95E-03
TG>AC	3.11E-07	5.23E-04	8.27E-04	5.72E-04	1.04E-03	9.51E-04	1.76E-03	1.63E-03	1.64E-03
TG>AT	3.33E-07	5.69E-03	4.96E-03	2.91E-03	1.01E-02	2.31E-02	1.25E-02	9.83E-07	9.45E-03
TG>CA	3.74E-07	1.58E-04	9.58E-04	6.62E-07	1.21E-03	1.76E-03	1.13E-03	7.32E-04	8.39E-04
TG>CC	9.44E-08	4.03E-07	4.76E-07	3.54E-07	6.93E-07	6.18E-07	5.47E-07	5.81E-07	5.83E-07
TG>CT	1.28E-07	3.13E-03	1.74E-02	7.25E-03	2.42E-03	3.48E-03	2.74E-03	1.81E-03	2.00E-03
TG>GA	8.04E-05	1.56E-03	2.15E-03	1.66E-03	2.92E-03	4.49E-03	1.25E-03	4.20E-03	2.04E-03
TG>GC	9.44E-08	4.03E-07	4.76E-07	3.54E-07	6.93E-07	6.18E-07	5.47E-07	5.81E-07	5.83E-07
TG>GT	7.51E-04	2.42E-03	1.41E-03	3.12E-03	6.27E-03	4.24E-03	3.48E-03	5.43E-03	5.96E-03
TT>AA	1.60E-04	2.07E-03	2.11E-03	2.38E-03	6.08E-03	3.51E-03	4.72E-03	5.60E-03	4.15E-03
TT>AC	5.00E-05	9.91E-04	1.62E-03	9.96E-04	1.57E-03	1.44E-03	3.52E-03	1.93E-03	1.64E-03
TT>AG	3.14E-07	5.45E-04	7.79E-04	2.36E-04	1.52E-03	2.21E-03	7.63E-04	1.35E-03	1.16E-03
TT>CA	1.38E-04	1.36E-03	1.66E-03	1.16E-03	1.06E-03	1.15E-03	2.97E-03	8.22E-04	2.45E-03
TT>CC	9.44E-08	4.03E-07	4.76E-07	3.54E-07	6.93E-07	6.18E-07	5.47E-07	5.81E-07	5.83E-07
TT>CG	9.44E-08	4.03E-07	4.76E-07	3.54E-07	6.93E-07	6.18E-07	5.47E-07	5.81E-07	5.83E-07
TT>GA	2.85E-07	2.75E-04	3.36E-04	3.30E-04	1.98E-03	8.18E-04	1.53E-03	1.06E-03	6.17E-04
TT>GC	9.44E-08	4.03E-07	4.76E-07	3.54E-07	6.93E-07	6.18E-07	5.47E-07	5.81E-07	5.83E-07
TT>GG	9.44E-08	4.03E-07	4.76E-07	3.54E-07	6.93E-07	6.18E-07	5.47E-07	5.81E-07	5.83E-07
